TE	sense	antisense	total	RNAseq	div	copies	length
ERV2-1_CGr-I	3388	225588	228976	1604.3	10.544	13164	1614.368
ERV2-4_CGr-I	5091	24404	29495	98.22	21.135	5971	526.662
IAP1_CGr-LTR	24556	1594	26150	28026.06	5.778	3261	313.492
ERV2-2_CGr-I	14798	3172	17971	196.44	26.41	8306	606.513
L1-2_CGr	1021	11326	12347	12572.44	16.438	315083	804.998
ERV2-3_CGr-I	343	8247	8590	98.22	26.187	38796	397.093
PB1D7	6013	26	6039	23049.47	23.881	143670	97.203
L1-1_CGr	1640	4094	5734	1244.15	12.287	13838	2140.112
IAP1C_CGr-LTR	610	4220	4830	1080.44	6.829	767	321.558
MERVL_2A	71	2338	2409	163.7	18.879	4726	636.717
ERVL-E	17	2221	2238	0	31.287	2493	300.385
ERVL	18	1882	1899	0	28.571	1226	356.052
ERVL-B4	18	1882	1899	0	28.696	2508	374.338
IAP1B_CGr-LTR	538	1310	1848	4976.59	7.305	3860	312.362
MER70-int	31	1608	1639	0	28.648	80	304.725
LTR2_CGr	415	1187	1602	5926.07	16.35	62828	221.833
ERV2-2_CGr-LTR	492	1101	1593	229.19	28.842	10186	275.996
MTD	744	667	1411	78053.89	21.65	128104	283.896
LTR4_CGr	481	709	1190	949.48	13.822	1510	331.295
L1MEh	1168	0	1168	0	27.529	544	230.746
LTR6_CGr	110	975	1085	26618.21	14.983	4448	241.203
L1MEd	3	1036	1039	0	28.568	3097	233.136
MER68-int	28	891	919	0	27.381	133	322.03
Tigger17	8	475	484	0	27.993	187	190.893
L1MB3	402	1	403	0	26.072	10545	265.645
L1MD2	337	37	374	0	27.672	5659	273.345
Tigger17b	0	350	350	0	31.31	148	325.068
Tigger17c	0	350	350	0	29.817	134	191.806
L1M2	59	283	341	0	26.496	28503	378.251
PB1D9	126	215	341	656189.63	17.315	797374	105.799
L1MD1	335	3	338	0	26.958	4493	298.076
LTR81C	0	332	332	0	31.692	196	191.862
Charlie6	8	273	281	0	27.148	301	237.498
MER31A	0	278	278	0	28.092	1220	251.433
L1ME5	16	249	265	0	27.65	458	323.871
L1M4a1	63	197	260	0	27.274	1572	268.766
L4_C_Mam	65	185	250	0	28.911	1176	173.336
RodERV21	88	148	236	0	26.672	4129	400.211
Zaphod	19	212	231	0	29.166	1288	282.147
Lx8	0	229	229	0	27.317	84071	342.495
Lx8b	0	228	228	0	23.665	34081	366.606
L1MCb	84	129	213	0	28.576	1232	302.476
MER77B	0	200	200	0	30.058	995	280.035
MER89-int	143	56	198	0	30.088	180	328
MLT2F	0	196	196	0	31.81	1231	235.016
Charlie25	41	143	184	0	31.371	581	291.838
L1MB4	31	144	175	0	25.908	5609	267.763
L1M6	0	146	146	0	28.295	792	189.917
Lx9	0	146	146	0	20.878	54516	306.38
7SLRNA	128	16	144	851.26	20.863	1096	134.517
L1MB8	86	58	143	0	26.315	10978	281.324
L1M4a2	45	94	140	0	27.597	1357	271.456
LTR37B	134	0	134	0	28.887	825	216.154
ORR1D-int	83	45	128	2979.41	25.408	2349	315.737
MLT1F-int	127	0	127	0	31.318	602	303.586
L1ME3E	0	124	124	0	27.924	504	251.675
MER76-int	1	117	118	0	31.502	59	251.458
LTR107_Mam	117	0	117	0	30.1	183	212.945
4.5SRNA	71	45	116	5565.92	16.679	4319	64.806
MER20B	0	115	115	0	30.614	1849	222.945
HERVL40	111	0	111	0	30.893	452	265.838
UCON48	0	111	111	0	28.891	89	236.292
L1MB7	53	56	109	0	26.41	13091	280.62
LTR88b	106	0	106	0	32.161	382	175.348
L1_Rod2	29	75	104	0	24.446	43012	601.667
Charlie16	102	0	102	0	29.411	604	212.873
MER4B-int	78	19	97	0	22.693	116	146.431
L1ME1	0	91	91	0	28.13	10121	297.711
MTE-int	87	0	87	196.44	29.903	9326	340.544
L1MEi	0	83	83	0	27.463	1226	231.706
L1PB4	1	80	81	0	23.094	293	534
L1MCa	73	7	80	0	26.844	5026	308.596
Charlie7a	1	77	78	0	27.214	252	161.306
L1M3c	67	11	78	0	28.386	757	324.411
B4	47	26	74	1145.93	25.495	739073	79.405
LTR84b	0	73	73	0	31.857	450	217.418
Lx7	68	5	73	0	22.945	54034	431.214
HAL1	67	0	68	0	28.553	5361	213.72
MER92-int	0	68	68	0	26.876	706	283.069
L4_B_Mam	60	7	67	0	29.114	681	171.662
MER110-int	14	51	65	0	31.156	103	257.34
LTR81	0	64	64	0	31.406	161	159.689
HERVL74	0	63	63	0	29.664	248	316.379
L1M4b	36	26	63	0	27.726	3504	320.077
MLT1A	63	0	63	0	29.565	9956	204.855
MLT1G1	51	12	63	0	31.654	2224	241.26
PB1D10	47	15	62	20954.06	25.871	253518	96.776
L1M3	0	61	61	0	25.712	12980	311.192
LTR80A	60	0	60	0	32.056	229	262.939
PB1	47	13	60	4845.63	26.711	25296	108.335
Charlie10	36	23	59	0	29.038	723	218.747
ERV2-1_CGr-LTR	46	12	58	45280.42	14.536	24221	185.854
L1MEc	2	55	57	0	27.84	8248	268.64
MLT1A0	57	0	57	229.19	29.38	20839	216.805
L4_A_Mam	31	25	56	0	30.032	1375	185.104
MT2A	4	51	55	2913.92	25.315	29052	269.77
L1MDb	0	54	54	0	28.442	1023	280.205
MamRep1527	10	44	54	0	31.236	595	218.224
Charlie1	0	52	52	0	28.105	1620	274.19
LTR33C	0	52	52	0	32.134	513	217.522
LTR85a	0	52	52	0	30.903	535	186.978
LTR85b	0	52	52	0	31.857	318	212.365
MLT2E	0	52	52	0	32.304	275	195.033
MER52-int	17	28	45	0	31.712	1567	437.096
MER45R	44	0	44	0	28.313	304	275.967
Tigger22N1	0	43	43	0	29.83	436	192.369
LTR41	42	0	42	0	29.505	803	242.748
LTR41C	42	0	42	0	28.225	383	199.689
Lx6	1	40	41	0	24.686	70539	531.536
BLACKJACK	9	30	39	0	29.562	1357	306.534
B4A	12	26	38	2586.52	27.23	447633	128.118
LTR41B	0	38	38	0	30.373	497	229.755
MER34-int	4	34	38	0	28.98	193	233.58
Tigger6	0	38	38	0	28.143	134	276.567
Charlie1b	0	36	36	0	27.563	2141	195.944
LTR33B	33	0	33	0	32.974	589	211.553
L1MC	0	29	29	0	26.103	9038	258.361
L1MEg	0	29	29	0	28.071	3648	265.71
L1MD	0	28	28	0	26.492	8957	290.648
Kanga1	0	25	25	0	29.605	526	225.829
Kanga1c	0	25	25	0	29.153	438	208.071
L1MC3	14	9	23	0	27.377	9031	303.69
Tigger20a	0	23	23	0	31.636	468	224.468
HAL1M8	5	16	21	0	27.855	1268	212.196
Tigger12	20	0	20	0	30.933	363	184.174
Tigger12A	20	0	20	0	31.677	264	163.072
Charlie8	5	14	19	65.48	31.553	1562	204.67
L1MD3	0	18	18	0	27.071	3874	225.488
LTR73	0	17	17	0	31.575	338	250.178
L1MC4	0	16	16	0	27.588	9868	221.46
L1M4c	13	2	15	0	26.445	3191	337.983
LTR16B	0	14	14	0	32.546	491	245.193
Charlie7	1	12	13	0	29.494	1804	251.568
MER5C1	12	1	13	0	30.046	226	145.588
L1MEg2	12	0	12	0	30.109	251	200.422
LTR33A	0	12	12	0	32.407	1098	233.909
LTR67B	0	12	12	0	31.683	1243	191.916
MLT1H1	0	12	12	0	32.049	2105	229.628
MLT1J	0	12	12	0	31.51	6647	206.548
MLT1J1	0	12	12	0	30.521	2441	177.718
MLT1J2	0	12	12	0	31.658	2835	190.667
L1MC4a	2	8	10	0	27.025	4951	235.652
MER45B	10	0	10	0	29.447	1325	263.949
MER45C	10	0	10	0	33.042	738	211.206
MER5C	9	1	10	0	27.885	583	177.69
MLT1E2	0	10	10	0	31.045	3116	269.754
Kanga11a	9	0	9	0	30.437	372	250.879
L1ME2z	2	7	9	0	26.749	3156	244.475
LTR77	9	0	9	0	27.57	73	118.534
MLT1K	9	0	9	0	31.823	6585	205.452
Charlie22a	0	8	8	0	29.438	403	188.921
EuthAT-2	0	8	8	0	28.636	715	264.915
L1MC5	4	4	8	0	27.363	5909	218.786
LTR37-int	8	0	8	0	27.251	540	276.848
MamGypLTR1d	8	0	8	0	30.427	277	180.036
MER34B-int	0	8	8	0	24.328	137	208.679
Charlie12_Rodent	0	7	7	0	27.098	7208	144.592
HAL1ME	5	2	7	130.96	27.862	1280	174.956
L1MB1	5	2	7	0	26.751	4317	286.753
L1MCc	5	2	7	0	28.545	945	226.751
L1M4	0	6	6	0	26.363	22049	275.104
L1MA10	5	1	6	0	26.851	1797	195.42
L1ME4a	0	5	6	0	26.674	2780	194.976
MamGypLTR4	0	6	6	0	30.572	197	190.655
MER83A-int	1	4	6	0	28.967	9	105.667
MLT1F1	6	0	6	0	30.01	2848	233.1
Charlie17	5	0	5	0	29.481	263	260.183
HAL1b	2	3	5	0	27.312	959	204.803
Helitron1Na_Mam	4	0	5	0	28.357	198	211.96
Helitron1Nb_Mam	4	0	5	0	28.784	108	238.713
L1MC2	0	5	5	0	26.462	4169	304.379
LTR40A1	5	0	5	0	30.99	220	216.086
LTR52-int	3	2	5	0	30.996	94	326.777
ERV3-16A3_I	2	2	4	0	31.029	2192	310.164
L1MC5a	4	0	4	0	27.414	5109	201.907
LTR2B_CGr	4	0	4	20201.03	21.928	80208	283.627
MER83B-int	0	4	4	0	26.766	56	125.304
MER97c	0	4	4	0	30.301	208	278.067
MER97d	0	4	4	0	28.025	64	292.188
Zaphod3	0	4	4	0	27.723	276	262.899
Eutr10	0	3	3	0	32.772	409	206.932
EUTREP16	3	0	3	0	29.526	156	149.256
Looper	1	2	3	0	27.059	386	264.959
LTR82A	0	3	3	0	31.041	644	259.106
Lx10	0	3	3	0	24.278	46721	335.215
MER31-int	2	1	3	0	26.677	303	278.05
MER90	3	0	3	0	30.362	530	236.613
MER90a	3	0	3	0	30.15	878	259.678
MER92C	3	0	3	0	28.205	147	205.102
Zaphod2	0	3	3	458.37	27.664	391	197.593
Charlie14a	2	0	2	0	28.099	162	177.117
Charlie30b	2	0	2	0	28.794	339	208.891
Charlie9	2	0	2	0	27.129	447	138.217
Cheshire	0	2	2	0	27.939	968	279.071
Kanga2_a	0	2	2	0	29.046	758	242.232
L1M3b	0	2	2	0	30.155	310	324.226
L1MDa	1	1	2	0	27.685	5010	309.887
L1ME2	0	2	2	0	27.958	5034	275.115
L1ME3	0	2	2	0	28.266	2902	258.774
L1ME3A	0	2	2	0	28.204	4297	239.338
L1ME4c	2	0	2	0	27.333	2254	233.103
LTR53-int	0	2	2	0	29.457	190	376.079
LTR86A1	2	0	2	0	31.495	244	198.287
MamRep1151	0	2	2	0	27.87	503	285.064
MamTip3	2	0	2	0	31.522	398	183.186
Zaphod5a	0	2	2	0	28.341	58	213.534
Arthur1	0	1	1	0	29.584	1552	269.659
Charlie2a	1	0	1	0	28.563	1206	253.368
Charlie31a	1	0	1	0	31.447	250	188.568
Eutr15	0	1	1	0	30.76	269	202.528
HERV16	1	0	1	0	32.426	693	274.76
L1MA9	1	0	1	0	26.087	8641	274.139
L1MB2	1	0	1	0	25.754	5533	268.31
LTR16B2	0	1	1	0	32.818	919	247.563
LTR45	1	0	1	0	25.542	69	114.217
LTR78B	0	1	1	0	32.289	1003	195.729
LTR81AB	1	0	1	0	27.825	136	168.353
MamGypLTR3a	1	0	1	0	32.167	387	189.212
MamTip1	1	0	1	0	28.481	216	150.921
MER92B	1	0	1	0	29.631	476	250.805
MLT1B	0	1	1	32.74	28.21	16507	218.568
Tigger13a	1	0	1	0	30.394	1545	246.198
Tigger2b	0	1	1	0	27.973	375	269.709
7SLRNA_short_	0	0	0	261.93			
Arthur1B	0	0	0	0	30.414	1245	243.161
Charlie18a	0	0	0	0	28.464	707	167.636
L1M3de	0	0	0	0	30.597	351	306.003
L1MB5	0	0	0	0	26.724	6896	274.127
L1MC1	0	0	0	0	26.508	9536	321.003
L1ME3B	0	0	0	0	28.059	1349	240.257
L1ME3C	0	0	0	0	27.494	426	255.57
L1ME3Cz	0	0	0	0	27.187	2821	232.151
L1ME3D	0	0	0	0	27.421	568	259.537
L1ME3F	0	0	0	0	27.668	604	237.146
L1ME3G	0	0	0	0	27.122	2919	200.714
L1MEf	0	0	0	0	28.419	4452	271.913
LTR80B	0	0	0	0	30.493	216	244.616
LTR86A2	0	0	0	0	31.915	169	174.089
Lx11	0	0	0	0	21.606	15874	356.796
MER21-int	0	0	0	0	30.143	269	276.714
MLT1E	0	0	0	0	30.161	956	226.128
MLT1E1	0	0	0	0	29.955	1050	229.119
MLT1E1A	0	0	0	0	30.887	1981	257.134
MLT1E3	0	0	0	0	30.432	1767	251.546
MTEa	0	0	0	261.93	26.098	37820	229.827
MTEb	0	0	0	982.22	25.462	20445	208.593
