TE	sense	antisense	total	RNAseq	div	copies	length
HERV4_I	863	167369	168232	65.2	18.135	327	702.092
THE1D	39809	82524	122333	6906.17	13.213	12957	319.378
HERVK9I	2520	100905	103425	20.96	7.31	551	1759.292
L1PA7_5	27031	66693	93724	516.91	7.688	12525	1513.373
L1HS	16376	74475	90852	26346.37	1.939	1686	2120.479
L1PREC1	21331	67949	89281	174.63	12.531	7576	784.275
L1	12302	76095	88397	707.85			
AluSx	67864	13210	81074	437973.69	11.631	123028	267.959
L1PREC2	11332	67556	78887	221.2	12.697	8146	784.263
AluJb	71665	6190	77856	133340.78	16.294	131775	246.555
HERVE	10991	66695	77686	27.94	12.773	284	1958.373
MLT2A2	4331	58122	62453	1881.38	13.457	3943	402.236
LTR5B	34182	22189	56370	193.26	10.802	472	769.472
HERVL	18790	32868	51658	9.31	12.049	2432	1584.501
LTR5	11439	40053	51492	37.26	12.292	26	184.192
HERV17	19245	30452	49697	232.84	7.583	914	966.772
SVA_B	5424	39115	44539	4086.42	14.073	848	672.341
SVA_C	5323	39095	44418	761.4	10.599	501	868.591
THE1_I	24262	18738	43000	365.57	12.29	219	498.046
LTR2C	2211	38805	41016	1031.5	12.419	313	307.559
THE1C	28161	12280	40441	6703.6	12.184	10029	329.375
HERVIP10F	1705	35785	37490	16.3	18.421	306	1552.99
ERVL	11980	24594	36574	18.63	24.239	873	601.763
L1PBA_5	12889	22838	35726	81.5	15.268	2249	1160.485
MLT2A1	2520	28857	31377	444.73	9.276	3838	284.35
HERVK3I	5144	25903	31047	6.99	15.068	363	1138.636
L1PB2c	18913	9884	28797	300.37	11.941	2929	789.701
THE1A	20741	6530	27270	3082.86	10.337	4314	320.906
AluYb8	21641	5232	26872	16538.95	2.466	2962	277.719
AluYb9	21517	5223	26740	9546.63	2.537	339	286.723
L1MCA_5	125	20963	21088	344.61	20.295	6997	548.699
ZAPHOD	19846	110	19956	20.96	23.154	2082	308.45
L1PA8	12300	6792	19093	207.23	8.667	8376	841.826
L1PA7	12299	6711	19010	447.06	7.904	13381	1509.344
HERV-K14I	2918	14941	17859	505.27	10.328	432	663.315
HUERS-P2	236	17463	17699	2.33	18.428	267	917.184
ERV3-16A3_I	1268	15842	17111	0	28.502	6625	581.14
L1PA6	12412	4054	16466	128.06	7.117	6143	1858.005
L1PA5	12782	3326	16108	172.3	5.54	11616	1409.498
MSTB	940	14508	15448	1273.66	16.658	8787	318.55
SVA_F	6074	8485	14559	861.52	11.798	1026	790.49
HUERS-P3B	1404	12100	13504	18.63	14.814	474	890.203
L1M2A_5	185	13022	13207	4.66	22.593	459	997.671
L1PA10	10052	2809	12861	242.16	10.328	7367	936.124
MER51E	78	12398	12475	1024.52	14.11	239	314.172
HERVIP10FH	2254	9827	12082	102.45	15.72	432	901.949
L1PB2	2684	9088	11772	158.33	11.941	2929	789.701
MER61I	503	10974	11477	139.71	13.837	1144	942.018
L1PA11	8709	2635	11344	230.52	10.748	4207	980.778
MER50I	1749	9402	11151	62.87	17.365	515	799.777
MER11A	1579	9269	10848	74.51	9.318	989	924.464
L1PA13	8551	1968	10519	249.14	11.782	9208	844.741
L1PA12	8546	1889	10435	214.22	13.27	1811	845.975
HARLEQUIN	3302	6811	10113	358.58	8.929	557	1500.422
AluYa5	4148	5294	9442	46738.9	1.487	3986	293.742
L1PA4	6241	3112	9353	316.67	4.36	12272	1575.328
HSMAR1	1797	7382	9179	810.3	10.559	729	650.805
AluYk13	3835	5284	9119	28788.91			
HERVI	1453	7553	9006	2.33	21.484	89	1906.843
L1PB1	2859	5979	8838	202.57	10.803	13446	988.68
MER20	60	8505	8564	1289.96	20.25	17233	177.532
AluYb8a1	2942	5274	8216	36267.87	9.342	616	240.086
AluYb10	2832	5314	8146	44457.02	7.814	739	284.08
AluYb11	2771	5301	8072	24683.86	11.68	49	148.571
L1PA3	5991	2042	8033	111.77	3.535	11089	1795.112
L1PA2	5942	2007	7949	79.17	2.394	5113	1951.911
L1PA15	5242	2374	7616	374.88	14.418	8569	942.062
SVA_D	5304	2212	7516	381.87	7.358	1546	1240.147
SVA_A	5272	2165	7438	344.61	21.449	1128	387.751
MER41D	0	7227	7227	6.99	17.128	491	295.511
LTR17	5686	1521	7207	8314.88	8.138	853	580.07
HERVL_40	977	6178	7155	2.33	25.706	1232	413.109
SVA_E	4897	2211	7108	307.35	20.483	701	434.93
L1MB3	69	6672	6741	1662.51	17.309	18230	394.26
HUERS-P3	1312	5379	6691	13.97	18.218	792	802.428
HERV9	5182	1457	6640	23.28	8.984	363	2434.54
L1MA4A	120	6457	6577	291.06	16.181	6325	811.085
LTR32	124	6414	6538	672.92	17.097	1247	296.888
HERV39	2211	4316	6527	610.05			
HERV15I	2229	3421	5650	6.99	14.247	79	1882.19
L1PA12_5	692	4858	5551	137.38	13.29	1862	779.593
PRIMA41	1709	3292	5000	6.99	22.907	475	799.629
HERV3	831	3992	4823	2.33	21.718	338	1312.893
LTR10B	442	4366	4809	11.64	16.603	78	428.167
LTR10F	2590	2178	4768	176.96	9.157	446	421.419
LTR8	276	4371	4647	319	14.908	3512	446.79
HERV30I	2034	2520	4554	4.66	11.016	51	2115.667
LTR10B2	264	4277	4541	9.31	19.162	104	341.144
MER11C	1188	3195	4384	624.02	8.897	951	999.924
L1MA2	195	4013	4208	579.78	12.326	7636	956.562
L1MA3	83	4118	4202	768.39	13.225	9341	931.148
HERV16	723	3440	4163	0	30.647	1836	415.763
HERV49I	399	3359	3758	13.97			
MADE1	1824	1824	3647	754.42	9.187	8017	61.123
L1MA8	392	3209	3601	288.73	16.285	11445	495.311
MER57I	1773	1742	3516	353.92	12.969	1121	807.045
L1MA5	149	3359	3508	339.95	16.05	4580	627.757
L1MA6	156	3273	3430	337.62	17.052	5566	594.589
L1MA4	108	3242	3350	412.13	16.754	10943	598.261
L1PA16	896	2415	3311	852.21	14.379	14421	791.161
HERV35I	1942	1341	3283	11.64	18.215	586	679.326
L1MA1	90	3173	3263	377.21	11.329	4359	972.922
HERV-K14CI	692	2538	3230	2.33			
MER9B	66	3106	3172	41.91	7.836	39	437.949
HERVK13I	2220	870	3090	9.31			
HERVK11DI	2287	786	3073	4.66			
LTR1F	2651	380	3031	1532.12	13.984	137	630.511
LOR1I	1253	1765	3018	20.96			
TIGGER7	190	2746	2936	193.26			
L1PB4	1302	1551	2853	225.86	17.445	7745	557.676
L1MA5A	163	2657	2820	211.89	14.071	3495	524.926
GOLEM_A	937	1784	2720	421.45			
MER1A	1086	1625	2710	968.63	12.682	3314	433.319
LTR1D	2177	440	2617	416.79	16.843	308	784.127
L1PA16_5	671	1890	2561	37.26			
MER9	136	2306	2442	388.85			
LTR7B	145	2266	2411	5606.9	7.085	879	360.779
MER52AI	742	1665	2407	2.33			
MER44C	10	2279	2289	114.09	18.368	875	481.209
L1PA14	872	1416	2288	235.17	11.794	3116	949.202
MER44B	4	2279	2283	537.87	18.821	2191	304.037
CHARLIE3	418	1834	2252	123.41			
L1MA7	82	2153	2235	756.74	16.952	8880	470.505
MER39B	2096	119	2215	1273.66	14.409	1227	375.708
L1MA9	53	2093	2146	856.87	18.334	16866	480.899
L1PB3	224	1842	2065	153.68	14.853	3656	773.499
PABL_BI	1547	462	2008	2.33			
MER83AI	1826	175	2002	0			
HERVP71A_I	546	1393	1939	0			
MER34B_I	784	1147	1932	37.26			
HERV19I	1092	810	1902	34.93			
HERVH48I	1153	635	1787	23.28			
HERV57I	1454	332	1786	2.33			
MER34C2	1563	184	1747	20.96	17.832	593	289.695
MER57A_I	992	707	1698	132.72			
L3	1141	549	1690	6.99	31.165	46118	194.175
L1M2C_5	973	642	1616	55.88			
MER50B	232	1366	1599	640.32	13.954	700	462.89
MER84I	329	1255	1584	0			
PRIMA4_I	874	709	1583	316.67			
TIGGER1	144	1422	1566	1494.86			
LTR3	3	1559	1562	235.17	11.05	98	390.112
HERVFH19I	466	1074	1539	18.63			
MER4BI	385	1034	1419	13.97			
LTR53	377	1015	1392	9.31	21.636	515	365.163
MER51I	671	718	1388	32.6			
L1MB2	39	1307	1346	533.21	18.181	9385	407.427
LTR12C	1172	167	1340	17663.59	8.774	2765	1337.668
MSTD	962	373	1335	961.65	20.135	7805	287.653
MER89I	803	514	1317	0			
LTR2B	889	410	1298	139.71	8.105	353	444.799
HERV46I	634	647	1281	4.66			
L1MB1	66	1208	1273	295.71	18.135	6286	521.423
MER110I	1023	216	1239				
HERVK11I	634	582	1216	2.33			
LTR64	1179	3	1182	27.94	17.14	384	292.122
HERVL74	710	440	1150	2.33	22.502	388	441.678
MER21I	422	699	1121	0			
MER41I	249	862	1111	16.3			
L1M2A1_5	350	752	1102	6.99			
LTR18B	113	971	1084	447.06	15.062	376	419.572
L1PBA1_5	946	120	1067	540.2			
LTR35	678	373	1051	44.24	15.678	117	317.65
LTR16A1	90	908	998	79.17	25.937	2726	266.332
L1PA14_5	400	558	958	51.23			
HERV23	232	719	951	0			
LTR25	46	902	948	2160.8	19.167	300	460.473
L1M1B_5	20	913	933	46.57			
L1ME_ORF2	234	699	933	381.87			
LTR43	206	715	920	67.52	14.796	467	359.942
LTR7A	109	805	913	10401.17	7.793	15	198.933
LTR1C2	591	316	907	400.49			
HERV18	451	456	906	25.61			
LTR8B	268	632	899	256.13	18.06	1640	473.341
LTR28C	422	469	891	18.63	17.514	348	653.483
MER66_I	489	398	887	6.99			
L1M4B	306	554	859	402.82			
PRIMAX_I	653	190	842	2.33			
CHARLIE5	798	43	841	86.15			
LTR39	734	104	838	377.21	17.152	1296	387.915
MER31_I	477	360	837	74.51			
MER51C	509	322	831	165.32	13.473	186	411.995
TIGGER6B	710	111	820	179.29			
CHARLIE10	290	523	813	41.91			
MER4I	262	549	810	193.26			
MER4A	320	488	808	302.7	12.782	917	391.911
LTR1B	221	570	791	3008.35	14.974	350	614.011
MER61F	505	237	742	13.97	14.98	166	430.657
MER50	479	253	732	1243.39	15.777	2607	433.529
LTR12D	613	114	727	1969.87	10.704	507	836.606
MLT2D	254	464	719	151.35	18.777	4589	244.55
LTR77B	664	52	716	93.14			
MER76	169	526	695	2.33	23.176	737	379.541
MER39	633	34	667	444.73	20.346	3435	318.792
LTR30	188	476	664	95.47	9.007	149	612.685
L1M2_5	348	311	659	44.24			
HARLEQUINLTR	383	272	655	1001.23			
LTR34	41	592	632	0	18.645	269	380.472
MLT2C2	156	467	623	55.88	18.269	1381	244.836
LTR75	415	205	620	0	23.377	314	321.191
LTR62	562	53	615	167.65	15.73	326	423.426
MER51D	10	596	606	11.64	14.583	171	235.427
PABL_AI	482	120	602	121.08			
LTR16	132	447	579	2.33	27.077	3079	285.357
LTR22A	476	93	570	1271.33	11.69	170	406.453
L1MCB_5	436	129	565	30.27			
LTR28B	157	401	558	41.91	18.17	268	711.459
LTR12B	507	44	552	5071.36	9.846	177	1996.136
MER83BI	304	242	546	6.99			
LTR12E	473	72	545	1082.73	13.323	138	942.29
MER61E	58	475	533	6.99	15.461	322	392.357
HERV52I	420	111	531	0			
LTR7C	275	242	518	298.04	13.968	330	394.97
LTR78B	89	424	513	29.904	3154	217.596	
MER1B	165	325	490	1746.33	14.483	5504	289.61
LTR1E	189	299	488	90.81	17.937	299	700.064
MER54	410	65	475	330.64			
L1PA17_5	66	402	468	2.33			
PABL_B	263	202	465	34.93	19.039	389	378.152
L1MB8	387	68	455	1443.64	19.013	16951	428.388
CHARLIE6	213	242	454	230.52			
L1MB3_5	53	390	443	86.15			
CHARLIE2B	62	380	442	0			
TIGGER5	182	260	442	402.82			
MER4D	343	94	437	861.52	17.116	1383	410.996
LTR2752	242	180	422	76.84	19.257	227	929.075
TIGGER2	76	344	420	360.91			
LTR1B1	200	217	418	458.7	15.353	174	638.684
CHARLIE7	154	256	411	2.33			
LTR24C	77	322	399	13.97	14.353	380	321.818
MER66B	92	294	386	69.85	17.161	1490	298.493
HERV38I	189	190	379				
LTR14A	358	16	374	1359.81	6.962	144	317.34
L1MEE_5	42	330	372				
MER65C	328	41	370	9.31	18.951	703	314.563
L1ME3	156	209	366	242.16	24.385	9515	359.182
MER52D	209	153	363	67.52	20.177	680	896.451
LTR3B	306	55	362	2575.26	11.288	90	398.444
LTR61	287	74	361	16.3	12.749	202	363.965
L1ME2	186	174	360	409.81	24.519	13175	432.392
LTR27C	295	63	358	32.6	16.638	189	554.413
LOOPER	193	154	347	2.33			
L1M2B_5	180	167	346	11.64			
LTR23	0	344	344	53.55	15.027	863	206.76
GOLEM_C	336	0	336	100.12			
LTR1C	90	246	336	1106.01	13.136	64	595.812
L1M3B_5	113	221	334	4.66			
LTR58	332	2	334	6.99	17.931	75	360.24
LTR65	282	52	334	4.66	21.854	468	272.212
HERV1_LTR	280	49	329	6.99			
CHARLIE2A	94	234	328	0			
MER110	10	310	320	2.33	25.963	791	236.247
MER65D	86	234	320	2.33	21.6	536	240.821
L1MCC_5	252	64	316	2.33			
L1PA13_5	52	262	314	18.63			
L1MC4	179	132	311	74.51	24.685	25768	332.066
L1MDB_5	5	305	310	9.31			
MER31	3	308	310	67.52	21.816	1147	451.629
MER61C	75	232	307	742.77	14.785	316	356.487
L1PBB_5	55	236	292	18.63			
MLT1H1	116	176	291	81.5	26.865	3783	305.099
MER4E1	283	4	287	2950.14	10.091	1102	410.325
MER4E	203	81	283	903.44	10.489	745	470.03
LTR45	80	202	282	86.15	18.187	177	304.667
LTR77	94	186	280	11.64	15.209	105	498.876
LTR10C	22	253	275	239.83	8.262	543	459.112
L1M3C_5	77	196	274	2.33			
L1MEB_5	259	10	269	0			
LTR2	149	118	267	13.97	8.557	900	415.522
MLT1K	196	66	262	65.2	28.104	17650	223.276
L1MB5	86	172	258	961.65	19.223	10184	399.513
LTR41	155	103	258	13.97	22.973	1205	306.456
MER52A	50	208	258	144.36	19.814	1438	1181.306
HERVG25	110	147	257	0			
L1MD3	209	42	252	302.7	21.017	5482	331.921
LTR26	194	58	252	83.82	17.071	614	411.489
MER72	40	209	250	142.04	17.183	796	422.202
MER41A	217	32	249	1858.1	9.175	2654	375.854
LTR51	0	248	248	16.3	17.991	416	419.514
MER67A	154	93	247	6.99	19.977	480	252.931
L1MB4	153	92	244	705.52	18.267	9394	393.213
LTR13	41	200	241	179.29	7.83	525	853.941
MER51B	48	193	241	1145.6	11.084	726	300.523
CHARLIE8	176	64	240	4.66			
LTR57	32	207	239	23.28	16.235	283	311.721
MER99	85	153	238	2.33	21.816	300	327.857
LTR26D	40	196	236	46.57	15.053	218	344.477
LTR46	220	11	231	102.45	14.466	262	306.458
LTR22B2	34	189	222	13.97	10.161	41	340.659
LTR42	73	146	219	32.6	19.134	337	344.415
MLT1N2	146	72	219	27.834	5621	182.294	
LTR29	170	47	217	65.2	18.171	757	294.616
LTR21A	0	215	215	14.181	95	405.221	
MER34B	59	156	215	95.47	18.809	661	324.708
LTR48	55	159	214	109.44	19.967	1003	370.327
MER51A	45	168	213	861.52	13.53	955	419.997
MER67B	127	81	208	128.06	21.131	497	341.728
LTR76	202	0	202	76.84	12.155	206	495.869
MLT1L	149	53	202	0	27.62	11970	208.157
LTR14B	162	34	196	1133.95	9.937	372	460.578
MER4CL34	92	103	196	48.9	17.286	951	364.505
MER57B2	92	102	194	158.33	16.326	1142	270.353
LTR35B	118	76	193	6.99	23.032	207	298.744
LTR26E	43	150	192	151.35	18.684	118	358.831
LTR28	59	129	189	293.38	17.657	164	650.067
MER34C	13	175	189	800.99	18.853	192	224.797
MER66A	94	95	189	44.24	19.127	339	346.926
KANGA2_A	174	14	188				
LTR72B	187	1	188	20.96	14.937	163	318.35
MER41B	153	32	185	579.78	12.294	2934	371.983
L1MED_5	13	169	183	2.33			
LTR9A1	20	160	181	556.5	14.377	475	468.242
LTR21C	13	164	176	13.594	36	250.361	
LTR14C	113	62	175	4.66	9.263	137	515.511
PABL_A	121	54	175	149.02	9.268	545	467.881
L1ME1	51	122	173	486.65	23.792	31790	482.349
MER61B	68	105	173	393.51	16.278	432	326.917
MER4D1	143	28	172	516.91	12.858	1598	449.12
L1MD1	8	163	171	90.81	19.282	6941	588.369
MER4C	0	170	170	76.84	12.671	695	320.894
LTR27	138	28	166	11.64	18.373	107	526.383
LTR75B	58	108	166	24.405	202	298.718	
HERV4_LTR	19	146	165				
LTR41B	21	144	165	18.63	24.638	872	298.655
PTR5	134	31	165	83.82			
MER68B	164	0	164	55.88	22.547	469	324.793
LTR18A	0	163	163	190.93	16.74	198	311.354
LTR44	159	4	163	81.5	17.233	233	311.631
MER48	116	46	162	228.19	10.537	196	362.245
MER69C	65	97	162	9.31			
MER52C	108	53	161	181.62	15.56	386	819.197
LTR50	38	122	160	9.31	24.128	2614	269.023
MER52B	99	62	160	144.36			
LTR9D	20	138	159	309.68	16.238	770	448.074
MER63D	107	52	159	34.93	21.196	1770	162.44
MLT1I	99	60	159	39.58	28.002	11062	210.775
HAL1B	37	120	157	0			
L1M6B_5end	0	156	156				
MER41C	110	45	155	130.39	12.96	839	315.275
MER66C	14	139	153	67.52	15.928	594	275.756
MER75	23	124	147	153.68	11.702	487	379.729
MLT1G3	48	98	147	4.66	25.7	2809	308.917
MER57A1	0	146	146	1401.72	12.906	1092	354.247
MER77	146	0	146	179.29	22.853	1391	382.224
MER31B	0	140	140	181.62	19.693	1533	306.997
MER45B	2	138	140	13.97	20.973	1334	365.693
LTR38	67	72	138	16.3	22.279	262	383.718
LTR41C	106	32	138	2.33	23.177	769	269.397
MLT1G2	34	101	136	74.51			
LTR38B	6	126	132	74.51	17.985	238	374.727
MER73	124	5	129	44.24	17.824	287	392.456
CHARLIE9	98	28	126	39.58			
LTR22E	92	34	126	18.63	13.38	118	421.458
MER101B	4	120	124	9.31	21.295	264	285.784
MLT1H2	70	54	124	207.23	25.467	4847	210.26
LTR9	71	51	122	195.59	14.196	841	434.873
MER84	120	0	120	39.58	14.156	365	287.595
LTR38A1	74	45	119	0	20.239	162	283.167
LTR19A	0	116	116	93.14	12.103	458	355.384
LTR40C	28	86	114	4.66			
MER113	112	3	114	24.695	3858	200.607	
MER11D	19	96	114	1150.25	5.668	268	746.231
MLT1H	26	88	114	186.28	26.141	10153	269.238
L1MC1	107	6	113	1713.74	16.455	13299	590.661
LTR66	48	64	112	142.04	12.167	427	286.878
LTR53B	15	94	109	74.51	20.941	199	398.884
L1MD2	7	101	108	176.96	21.688	11113	459.845
CHESHIRE	64	43	107	53.55			
MER45R	3	104	107	11.64	22.282	670	264.387
MER83	84	23	107	27.94	14.55	516	314.452
LTR38C	43	59	102	13.97	16.431	132	391.591
LTR19C	86	13	100	39.58	16.358	138	484.63
LTR55	94	7	100	2.33	22.326	427	357.632
LTR47A2	35	61	96	32.6	15.298	288	262.639
LTR49	52	41	93	144.36	16.728	1549	318.056
LTR9B	7	86	93	158.33	13.376	708	395.986
LTR60B	46	45	91	502.94	18.03	231	432.913
HSMAR2	70	19	90	5292.56	13.407	1842	612.627
MER67D	6	83	90	48.9	20.815	1021	315.344
FORDPREFECT	51	38	89	6.99			
LTR26C	0	86	86	135.05	16.392	329	338.146
MER54B	30	56	86	11.64	18.58	440	396.218
LTR6B	80	2	82	3150.39	6.116	164	501.128
MER103B	82	0	82				
LTR70	55	24	79	79.17	15.032	159	626.057
Merlin1_HS	16	63	79	15.07	60	295.333	
LTR10D	0	78	78	13.97	10.482	183	431.219
LTR8A	12	65	78	107.11	16.605	1483	452.777
MER61A	72	2	74	353.92	15.548	814	303.861
L1ME4A	26	48	73	6.99			
LTR22C2	28	44	72	25.61	15.03	82	451.902
MER72B	29	43	72	16.3	18.496	191	379.906
LTR40A	14	55	69	25.61			
LTR71A	24	43	67	39.58	10.358	172	383.297
HSTC2	66	1	66	13.97			
L1ME3A	44	23	66	51.23	24.849	16098	369.201
LTR13A	54	11	65	149.02	6.867	211	800.232
LTR56	0	65	65	65.2	18.2	1055	277.95
LTR16D	54	10	64	4.66	29.073	1107	231.178
MER41G	34	30	64	6.99	15.831	118	382.839
MER30B	45	17	62	2102.59	10.708	262	148.344
MER70C	54	8	62	4.66	22.869	279	350.301
LTR27E	0	60	60	4.66	20.336	217	725.184
LTR59	0	60	60	9.31	16.051	111	355.225
MER61D	2	58	60	102.45	15.371	266	360.613
LTR16E	32	27	59	2.33			
MER20B	36	23	59	6.99	25.994	4207	228.561
MER45C	2	57	59	2.33	25.818	1242	267.023
MER92A	25	34	59	24.722	155	267.948	
MER95	0	59	59	25.61	18.817	141	276.028
MER101	35	22	58	76.84	17.732	370	298.284
MER57F	2	57	58	13.97	18.849	423	298.17
L1MEA_5	42	11	54	0			
MER74C	44	10	54	6.99	21.097	232	317.944
LTR1	8	45	52	1755.65	13.231	246	612.48
LTR47A	3	50	52	125.74	16.07	692	295.382
LTR71B	48	4	52	88.48	11.525	251	425.331
MER106B	52	1	52	2.33	20.33	817	172.596
MER74B	35	17	52	20.96	23.884	958	332.899
LTR91	0	51	51	26.954	334	124.766	
MER21	26	24	50	2.33	22.498	1070	514.698
MER85	0	50	50	717.16	7.312	930	122.453
LTR24B	14	34	48	18.63	18.829	458	298.731
MER112	38	10	48	30.27	23.569	4305	152.843
LTR27B	1	46	47	186.28	16.339	171	422.813
MER89	12	36	47	13.97	20.315	1421	304.373
IN25	34	12	46	0			
MER4A1	6	40	46	3776.74	10.887	2301	352.183
MER68C	44	1	45	0	22.945	166	248.536
LTR15	36	8	44	165.32	11.149	311	388.039
LTR11	32	10	41				
LTR24	2	39	41	30.27	16.929	312	302.859
LTR73	21	20	41	30.27	17.597	229	382.419
MER54A	29	12	41	116.42	20.206	778	445.581
TIGGER9	27	14	41				
MER113B	38	2	40	9.31	23.373	562	156.774
MER87	10	31	40	2.33	22.228	164	374.896
ERV3-16A3_LTR	4	34	38	27.949	1099	256.393	
LTR40B	12	26	38	132.72			
PRIMA4_LTR	2	37	38	97.79	10.668	342	426.798
MER90	36	0	37	114.09	24.657	700	322.547
LTR22B1	13	23	36	647.31	14.711	156	456.827
RLTR10C	26	10	36				
LTR16C	19	16	35	27.566	6693	265.235	
PrimLTR79	1	34	35	9.31	17.549	142	240.542
LTR48B	11	24	34	62.87	21.876	1015	358.656
MER21A	32	2	34	95.47	17.792	2069	372.713
MER88	10	24	34	0	20.243	112	324.482
LTR9C	24	9	33	30.27	15.036	173	444.277
MLT1G1	16	16	31	16.3	26.183	3671	321.367
LTR16A2	18	13	30	0	26.419	1819	274.973
LTR45C	0	30	30	60.54	16.581	474	316.363
MER41F	30	0	30	51.23			
LTR18C	13	15	28	25.61	15.049	78	291.513
MER92B	0	27	28	18.63	22.437	835	314.037
LTR36	0	27	27	13.97	18.44	504	378.393
MER110A	27	0	27	2.33	23.415	639	255.552
MER94	27	0	27	2.33	24.927	4557	104.975
TIGGER8	27	0	27				
LTR4	7	18	26	4.66	15.931	106	469.066
LTR06	12	13	25	18.63	16.742	103	271.515
LTR27D	2	23	24	11.64	18.071	266	422.391
LTR37B	22	2	24	41.91	23.117	2086	217.431
MER4B	10	15	24	179.29	12.925	1776	404.409
LTR19B	1	22	23	90.81	11.222	289	427.73
LOR1	17	5	22	535.54	16.217	1362	541.479
MER107	22	0	22	605.4	8.546	362	144.599
MER70A	22	0	22	74.51	20.967	544	386.73
LTR45B	20	0	21	58.21	16.851	446	315.365
MARNA	10	11	21	55.88	28.43	3248	176.713
MER117	16	3	19	2.33	30.14	4148	131.452
MER87B	0	19	19	55.88	14.75	212	333.486
LTR69	11	7	18	9.31	18.317	147	379.891
MER66D	16	2	18	2.33	16.223	244	303.434
MER5B	0	17	17	193.26	25.611	25363	115.216
MER70B	17	0	17	44.24	23.572	996	263.913
LTR37A	14	2	15	13.97	21.162	2033	221.36
MLT1G	10	5	15	4.66	25.826	2807	308.62
LTR31	4	11	14	13.97	19.862	252	409.357
LTR6A	12	1	13	169.98	14.034	326	464.031
LTR43B	4	9	12	4.66	19.575	252	315.206
MER103C	12	0	12	2.33	27.286	8744	153.795
MER94B	0	12	12	24.03	575	88.529	
MER49	11	0	11	107.11	17.068	1444	403.204
MER97A	10	2	11	16.3			
MER97B	10	2	11	11.64			
MER97C	10	2	11	11.64			
L1MC2	3	7	10	861.52	17.998	6549	506.801
LTR21B	0	10	10	9.31	15.498	52	286.25
MER28	10	0	10	649.64			
MER63B	10	0	10	23.28	21.917	2431	188.005
RLTR10B	0	10	10				
CHESHIRE_A	1	8	9	707.85			
CHESHIRE_B	1	8	9	204.9			
MER75B	6	3	9	9.31	8.663	125	164.664
MER63A	8	0	8	13.97	25.101	3571	172.414
AmnSINE1_HS	6	0	6	2.33			
CR1_HS	4	1	6				
MER65B	1	4	5	174.63	22.718	212	223.547
MER83B	5	0	5	186.28	14.443	152	253.138
RMER10B	2	3	5				
LTR14	0	4	4	13.97	9.799	97	479.247
LTR72	3	2	4	16.3	14.741	161	354.553
MER106	3	1	4	4.66			
MER45	0	4	4	370.22			
MER33	1	2	3	216.55	18.8	9821	193.953
MER34	1	2	3	16.3	21.682	1331	268.257
MER96	0	3	3	2.33	22.928	1288	110.505
MER96B	3	0	3	11.64	19.509	2233	152.488
LTR22B	2	0	2	81.5	13.541	154	432.299
MER8	0	2	2	11.64	22.022	1999	184.599
MER83C	1	1	2	116.42	16.997	152	293.572
ZOMBI_A	2	0	2	1022.19			
LTR47B2	0	1	1	39.58	15.455	173	349.624
LTR52	1	0	1	13.97	22.76	1103	265.686
MER119	1	0	1	2.33	23.133	1216	259.2
MER53	0	0	1	221.2	17.222	5991	126.997
MER80B	1	0	1				
FORDPREFECT_A	0	0	0				
LTR60	0	0	0	16.924	45	211.311	
