TE	sense	antisense	total	RNAseq	div	copies	length
KenoDr1	7828	69721	77549	0	15.172	89	1767.045
Polinton-3_DR	32544	3576	36121	0	16.42	35	3702.971
EnSpm-N49_DR	992	30010	31003	0			
BHIKHARI-5-I_DR	1106	29414	30520	13.46	12.655	543	1654.667
Polinton-2_DR	14525	12548	27072	0	16.42	35	3702.971
DIRS-3_DR	5704	20978	26683	0	19.952	398	707.812
ERV3_DR-I	377	26125	26502	0	15.236	61	715.967
Polinton-1_DR	20324	5739	26062	296.18	19.432	2583	194.282
LTR1B_DR	179	22143	22322	0	15.611	414	389.534
ERVN1-I_DR	191	21751	21942	13.46	9.974	362	429.506
L2-17_DRe	20020	527	20547	13.46	13.253	567	437.236
DIRS-2_DR	980	19523	20503	0	11.782	342	2020.541
EnSpm-N37_DR	373	19828	20201	309.64			
Copia-13_DR-LTR	158	17281	17438	0	9.949	214	516.112
Polinton-4_DR	4719	12298	17017	175.01			
Penelope-2_DR	74	15283	15357	0	15.962	71	311.479
Copia-13E_DR-LTR	157	14771	14927	0	9.949	214	516.112
Copia-13G_DR-LTR	597	14136	14734	0	9.949	214	516.112
Gypsy120-I_DR	1271	13295	14566	0	6.631	13	2588.462
ERV4_DR-I	646	12408	13054	0	2.621	87	1700.713
ERV1-3-I_DR	759	12252	13011	0	14.705	518	752.645
Copia-13B_DR-LTR	157	12408	12564	0	9.251	538	722.467
Gypsy133-LTR_DR	196	12190	12386	0	13.379	78	727.731
DIRS-2B_DR	747	11370	12117	0	11.782	342	2020.541
DIRS1b_DR	1913	10036	11949	0	6.089	1358	3453.245
CryptonH-1_DR	1102	10240	11342	0	13.966	159	409.145
DIRS-7_DR	1048	10169	11217	215.4	8.902	1061	714.132
Kolobok-1_DR	927	10168	11095	26.93	14.032	540	560.528
L1-11_DR	194	9977	10171	67.31	15.58	2274	365.979
Copia-13D_DR-LTR	218	9888	10106	13.46			
Gypsy120-LTR_DR	225	9249	9474	498.12	19.917	224	156.121
Gypsy-17-I_DR	184	9091	9275	0	5.48	5	4347.2
Gypsy37-I_DR	1485	7470	8955	0	12.566	83	880.831
Gypsy-169-I_DR	470	8484	8953	0	11.337	467	1545.619
Gypsy108-I_Dr	349	8580	8929	0	17.717	125	1915.656
L1-111_DR	141	8702	8843	0	7.644	45	1107.2
Gypsy-239_DR-I	794	7961	8755	0			
Helitron-4_DR	486	7918	8404	13.46	15.359	4815	861.104
BHIKHARI-2-I_DR	509	7875	8384	0	9.791	46	1656.804
LRS_DR	1165	6927	8092	13.46	17.092	596	1024.651
Gypsy98-I_Dr	5165	2578	7742	1952.07	21.559	37	1881.757
ERV1-2-LTR_DR	72	7571	7643	26.93	9.616	103	611.155
ERV1-2-I_DR	449	6937	7386	0	15.918	33	2455.576
Ginger1-1_DR	244	6891	7135	148.09	11.63	110	609.173
Gypsy-21-I_DR	866	6267	7133	0	5.15	14	4809.714
BEL34-I_DR	868	6102	6970	0	3.07	10	2613.1
R2Dr	11	6644	6655	0	20.158	26	528.808
LTR-19_DR-LTR	6512	73	6585	148.09			
Helitron-1_DR	544	5865	6409	107.7	16.235	1156	422.33
Gypsy133-I_DR	391	5961	6352	0	12.8	8	2773.25
Helitron-2_DR	145	5838	5984	2625.2	19.373	12098	252.349
Gypsy-247_DR-I	568	5329	5897	0			
Harbinger-1_DR	4196	1606	5802	13.46	13.255	556	292.91
Gypsy161-I_DR	302	5483	5784	0	9.101	135	2766.185
Ginger1-2_DR	265	5385	5650	67.31	17.105	528	173.714
Gypsy59-I_DR	716	4541	5256	0	13.659	34	2145.706
Gypsy105-I_Dr	322	4460	4781	0	9.565	31	2588.452
Gypsy-249_DR-I	124	4284	4408	0			
EnSpm-18_DR	132	4237	4370	0	17.014	199	468.281
BEL21-I_DR	495	3826	4321	0	7.1	6	3221.5
DIRS1c_DR	1164	2988	4152	0			
Gypsy98-LTR_Dr	26	4014	4040	3931.07	11.408	121	515.909
EnSpm-6N1_DR	2405	1407	3812	94.24	16.551	9839	122.253
Gypsy101-I_DR	112	3524	3635	0	8.008	156	3682.987
Harbinger-5_DR	356	3208	3564	148.09	20.421	879	240.736
BEL-66_DR-I	24	3538	3562	0			
Gypsy36-I_DR	1565	1983	3548	0	12.144	54	1028.352
Copia1-I_DR	288	3237	3525	0	19.846	52	1053.635
Kolobok-3_DR	601	2903	3504	0	16.576	661	170.334
Gypsy150-I_DR	1391	2050	3441	0	16.478	146	424.164
Gypsy-251_DR-LTR	23	3418	3441	0			
Gypsy-168-I_DR	67	3354	3421	0	21.224	157	1391.35
Gypsy-171_DR-I	358	2992	3350	0	23.984	31	1222.581
Gypsy44-I_DR	498	2836	3334	0	17.63	53	1292
DNA-AT-3_DR	520	2676	3196	13.46	11.048	393	623.242
Gypsy-168-LTR_DR	10	3154	3165	26.93	13.6	857	374.887
REX1-2_DR	62	3026	3088	13.46	8.243	1127	395.637
DIRS-15_DR	97	2930	3027	471.19	15.886	363	414.942
L1-88_DR	605	2382	2987	0	6.009	35	1165.857
ERV1-10_DR-I	618	2367	2985	13.46	5.336	67	2527
BEL8-I_DR	428	2486	2914	0	15.718	50	1631.04
Gypsy138-I_DR	379	2521	2900	0	14.182	138	661.014
L1-49_DR	0	2871	2871	0	14.067	252	529.623
Dada-tA_DR	459	2410	2868	0	9.772	244	999.279
DIRS-N4_DR	194	2648	2841	0	18.252	532	295.992
ERVN1-LTR_DR	0	2789	2789	94.24	10.859	1092	246.619
Gypsy105-LTR_Dr	32	2752	2784	94.24	4.341	49	637.347
hAT-N113_DR	0	2768	2768	0	14.426	265	184.042
BEL-69_DR-I	36	2680	2716	0			
hAT-2n1_DR	2697	1	2698	1979	12.17	1918	190.008
DIRS-10_DR	231	2446	2677	0	17.675	1413	528.909
Gypsy159-I_DR	0	2669	2669	0	18.197	40	1335.425
ERV1-N5-I_DR	2398	252	2650	0	6.397	203	2287.429
L1-21_DR	1570	1053	2623	0	17.576	169	475.456
DIRS-18_DR	653	1961	2614	0	10.027	790	1826.782
Gypsy108-LTR_Dr	312	2284	2596	13.46	13.497	514	467.774
Gypsy-21-LTR_DR	18	2574	2592	0	4.03	33	1175.061
CryptonV-1_DR	293	2267	2560	40.39	14.61	3340	232.951
Gypsy59-LTR_DR	456	2098	2554	0	7.659	142	471.613
Tx1-45_DR	939	1589	2528	0	17.39	68	785.294
L2-32_DRe	1109	1377	2486	0	13.625	641	380.287
ZFERV-2N1-I_DR	270	2206	2476	0	17.219	801	191.062
BEL20-LTR_DR	2	2466	2468	0	10.558	33	426
Gypsy-182_DR-I	1131	1275	2406	0	17.142	26	1136.038
Gypsy-166-I_DR	116	2243	2359	0	16.187	55	1532.782
Gypsy62-LTR_DR	63	2286	2349	13.46	15.478	40	394.325
L1-61_DR	20	2284	2304	53.85	11.202	286	335.374
Gypsy101-LTR_DR	101	2186	2287	0	6.704	391	500.215
Gypsy101-LTRb_DR	2	2278	2279	67.31	12.073	422	475.495
Gypsy-187_DR-I	521	1748	2269	0	13.448	31	1206.677
Copia2-LTR_DR	18	2234	2252	0	13.093	144	476.424
BEL3-I_DR	58	2178	2236	0	10.141	17	1774.588
Copia-13F_DR-I	1061	1166	2227	0			
Gypsy69-I_DR	225	1982	2207	0	25.85	114	833.421
DNA2-10_DR	262	1884	2146	94.24	18.532	1712	206.902
L1-109_DR	885	1242	2127	0	12.474	185	385.741
Gypsy-126_DR-I	933	1162	2095	0	10.807	15	2168.133
L1-72_DR	251	1809	2060	1588.58	13.552	225	476.689
Gypsy-17-LTR_DR	0	2057	2057	0	5.809	11	1033.364
Gypsy-195_DR-I	350	1707	2057	0	17.256	41	946.878
REX1-5_DR	127	1924	2052	53.85	11.435	1470	272.249
TDR8D	1538	500	2038	376.95	12.658	5075	399.117
Gypsy-168B_DR-LTR	2	2033	2035	0			
DIRS-4_DR	440	1590	2030	121.16	16.439	389	548.609
hAT-33_DR	56	1964	2019	0			
BHIKHARI-4-I_DR	20	1998	2018	0	10.644	43	947.047
L1-17_DR	1572	417	1989	0	13.216	266	396.211
IS4EU-2_DR	342	1593	1935	0	20.245	130	343.415
Gypsy76-I_DR	1007	916	1923	0	15.624	33	1315.182
BEL25-I_DR	229	1689	1918	0	4.95	10	3530.3
Tx1-39_DR	12	1900	1912	0	17.538	78	598.526
DIRS-8B_DR	352	1537	1889	255.79	12.784	1056	451.472
Gypsy78-I_DR	13	1861	1874	0	10.8	8	2307
L1-119_DR	2	1862	1864	26.93			
L1-97_DR	8	1856	1864	0	18.93	119	497.025
MuDR-1_DR	637	1194	1831	13.46	13.103	1190	306.252
Gypsy163-I_DR	7	1817	1824	0	12.638	13	1947.154
Gypsy-33-I_DR	22	1752	1774	0	12.915	26	1589.615
Gypsy104-I_Dr	356	1342	1699	0	17.352	33	995.939
L1-63_DR	1608	18	1626	0	13.953	191	387.424
Mariner-N25_DR	7	1619	1626	0			
Gypsy-126_DR-LTR	548	1076	1624	0	10.598	114	439.895
CR1-10_DR	5	1600	1605	0	13.253	558	257.192
Gypsy151-LTR_DR	0	1570	1570	0	5.465	17	613.118
Tx1-48_DR	88	1479	1567	148.09	6.713	94	1359.426
Gypsy91-I_DR	107	1434	1541	0	17.219	107	907.14
ERV4_DR-LTR	11	1497	1508	0	3.556	118	302.686
Copia-13G_DR-I	892	611	1504	0			
ZFERV_I	40	1445	1486	0	3.5	17	4048.294
DNA-6-N6_DR	1192	292	1484	13.46	5.546	531	883.151
Gypsy81-I_Dr	214	1237	1451	0	7.63	10	3567.9
Copia-13B_DR-I	839	611	1450	0	17.261	186	1203.672
Gypsy132-I_DR	232	1202	1434	0	3.322	9	4807.333
Gypsy-238_DR-I	221	1192	1413	0			
Gypsy46-I_DR	723	690	1413	0	15.328	83	901.952
L1-60_DR	249	1164	1413	26.93	19.812	843	138.327
ERV1-N8-I_DR	67	1289	1356	0	5.319	189	3116.175
Gypsy-33-LTR_DR	34	1322	1356	0	10.126	95	413.442
Rex1-53_DR	1354	1	1355	0	13.263	489	230.587
Gypsy42-I_DR	593	713	1306	0	11.217	24	1730.125
ERV1-3C_DR-LTR	98	1191	1289	0			
DNA2-14_DR	459	818	1277	26.93	16.872	1699	171.274
NonLTR-1_DR	284	991	1275	0	3.199	227	500.247
Gypsy104-LTR_DR	2	1264	1266	0	11.635	26	545.154
DIRS-16_DR	0	1259	1259	0	15.85	124	1024.476
DIRS-N1_DR	90	1169	1259	3500.27	12.702	678	1167.605
Gypsy-208_DR-I	57	1196	1253	0	17.25	16	788.562
DIRS-17_DR	914	324	1238	0	20.93	614	442.436
HARBINGERN3B_DR	1212	24	1236	121.16	6.788	3023	693.306
Tx1-43_DR	56	1164	1220	0	14.475	24	904.667
L2-41_DRe	114	1095	1209	13.46	9.05	516	423.529
L1-116_DR	24	1184	1208	0			
Gypsy-180_DR-I	4	1184	1188	0	16.041	27	1163.444
BEL-41_DRe-I	1	1186	1187	0	13.047	30	411.133
L1-34_DR	337	849	1187	9989.23	12.813	193	668.938
DNA2-8_DR	64	1119	1183	161.55	20.334	3065	208.519
Gypsy69-LTR_DR	80	1095	1175	0	18.423	204	239.946
Gypsy-180_DR-LTR	7	1167	1174	0	11.485	74	207.554
ERV1-11_DR-I	2	1162	1164	0			
L2-9_DRe	1161	1	1162	0	12.797	516	384.535
BHIKHARI-2-LTR_DR	30	1116	1146	0	12.638	538	603.03
Gypsy-247_DR-LTR	0	1134	1134	0			
P-1N2_DR	880	246	1126	53.85	5.348	1904	802.777
BEL-58_DRe-I	22	1093	1115	0	8.85	4	2142.75
Crack-3_DR	0	1095	1095	0	11.495	574	307.352
DIRS-5_DR	180	910	1090	0	9.222	458	628.349
Gypsy-177_DR-I	905	172	1077	0	24.6	28	1091.179
Gypsy122-I_DR	543	530	1073	0	3.9	10	2196.8
DIRS-N3_DR	708	364	1072	13.46	15.384	842	643.822
Harbinger-2_DR	148	923	1071	40.39	14.191	2671	229.217
L2-8_DR	646	418	1064	13.46	10.875	314	501.806
Gypsy154-I_DR	23	1012	1035	0	21.808	48	913.458
piggyBac-N6_DR	1011	23	1034	0	8.178	202	379.322
L1-14_DR	459	569	1028	0	11.702	228	624.811
L1-38_DR	6	1021	1027	0	16.073	288	584.674
L2-55_DR	656	370	1026	0	11.883	269	426.398
LTR2B_DR	250	770	1019	0	12.735	857	768.571
Copia-13C_DR-I	406	611	1018	0	15.304	164	1243.518
Gypsy-220_DR-I	24	991	1015	0	16.46	15	683.467
ERV1-3-LTR_DR	62	939	1001	0	12.031	426	198.768
L1-43_DR	9	988	997	511.58	15.728	229	430.55
Harbinger-N16_DR	794	194	987	0	18.133	347	185.793
Gypsy-220_DR-LTR	259	727	986	0	10.214	182	452.374
BEL-48_DRe-I	9	973	982	0	27.1	8	1881.5
Gypsy64-I_DR	108	873	981	0	10.221	34	2435.324
Gypsy-183_DR-I	975	1	976	0	3.025	4	2165.5
Tx1-44_DR	258	711	969	0	13.485	55	715.145
ERV1-10_DR-LTR	0	968	968	13.46	9.172	99	360.475
Gypsy55-I_DR	35	933	968	0	3.629	7	3032.857
L1-19_DR	123	843	966	282.71	15.36	230	449.465
Nimb-4_DR	573	385	958	0	12.18	1322	597.269
DIRS-6B_DR	73	873	946	0	14.097	356	429.084
hAT-N68_DR	685	260	945	13.46	9.454	1184	443.032
Gypsy77-LTR_DR	35	906	941	0	10.969	49	655.694
Gypsy-170-I_DR	0	931	931	0	17.99	49	2106.571
DIRS-4N1_DR	12	914	926	43511.04	10.087	1338	505.179
TE-X-13_DR	751	166	917	1480.88	19.098	1983	138.291
Gypsy-197_DR-I	8	907	915	0	6.72	35	2744.771
hAT-N181_DR	4	911	915	0			
Gypsy-223_DR-I	334	574	908	0	16.538	68	1252.162
DIRS-9C_DR	78	827	905	0	8.734	717	912.791
Copia-13_DR-I	288	611	899	0	20.793	84	1049.583
Gypsy103-LTR_Dr	231	661	892	0	7.383	46	656.761
Gypsy146-I_DR	0	885	885	0	12.445	22	586.727
Copia6-LTR_DR	0	879	879	0	11.371	424	345.804
Tx1-50_DR	93	783	876	0	9.006	36	1987.722
DNA9-N2_DR	216	656	872	0			
Copia-13E_DR-I	402	464	867	0			
Gypsy-150-LTRb_DR	98	768	867	67.31	13.177	243	401.296
L1-26_DR	674	179	853	13.46	15.459	193	389.715
hAT-10_DR	186	640	826	13.46	16.673	283	252.021
DIRS-1_DR	650	175	825	0	20.749	1597	559.245
CryptonV-N3_DR	166	655	821	13.46			
ERV1-3B_DR-LTR	68	753	821	0			
EnSpm-5_DR	41	774	815	0	18.545	459	148.115
Harbinger-1N1_DR	455	359	814	26.93	17.178	481	180.909
DNA-2-8_DR	802	10	812	0	9.516	1074	1260.11
DNA8-10_DR	70	727	796	67.31	17.363	7649	107.953
Gypsy97-I_DR	207	583	791	0	9.519	268	2484.627
Gypsy62-I_DR	39	740	779	0	23.748	33	1009.242
Gypsy-28C_DR-I	92	681	773	0			
BHIKHARI-4-LTR_DR	288	482	770	0	7.723	240	1024.171
L1-90_DR	0	767	767	0	12.163	133	632.94
Kolobok-4_DR	234	525	759	13.46	18.593	2588	84.952
Gypsy96-I_DR	1	752	753	0	14.295	58	2236.897
EnSpm-N13_DR	606	143	749	255.79	18.279	13821	103.048
Gypsy-31-I_DR	5	744	749	0	4.936	28	3612.607
CR1-18_DR	16	727	743	40.39	12.729	1112	308.128
Harbinger-4N1C_DR	435	308	743	94.24			
EnSpm-4N1_DR	216	521	737	0	10.901	1318	790.02
ERV1-1B_DR-I	9	712	721	0	4.2	25	2874.08
hAT-N64B_DR	128	594	721	40.39			
hAT-N35_DR	635	63	698	26.93	6.647	1352	725.126
DIRS-14_DR	104	593	697	0	16.524	99	1324.949
ERV1-N13_DR-LTR	150	524	674	0			
MOSAT-2_DR	568	104	672	0	8.668	477	986.057
L2-5_DRe	665	2	667	188.48	11.944	15589	227.095
Gypsy-217_DR-I	99	564	663	53.85	18.336	14	807.143
DIRS-9_DR	74	588	662	0	21.867	698	128.375
tRNA-1_DRe	560	101	661	0			
BHIKHARI-5-LTR_DR	168	476	644	0	15.875	503	727.278
Gypsy157-I_DR	57	580	637	0	11.556	78	739.295
Kolobok-N9_DR	312	323	634	148.09	7.135	3122	490.954
Nimb-9_DR	8	624	632	13.46	10.942	111	665.955
DIRS-1D-I_DR	405	226	631	0	10.943	138	2243.051
Gypsy-210_DR-I	0	630	631	0	18.447	53	561.849
Harbinger-N17_DR	435	185	620	242.33			
BEL-58_DRe-LTR	0	618	618	0	10.334	41	466.415
Copia-15_DR-LTR	0	615	615	0	14	599	375.546
Mariner-1_DR	0	613	613	13.46	17.696	525	319.895
Gypsy51-LTR_DR	606	1	607	26.93	7.463	30	583.7
Gypsy-115-I_DR	242	359	601	0	14.276	178	1430.348
Nimb-10_DR	436	160	596	0	9.732	50	386.6
Copia-6-I_DR	297	291	588	0	16.746	233	1255.974
Gypsy42-LTR_DR	403	180	583	255.79	7.782	125	516
Gypsy-170-LTR_DR	251	322	573	0	10.543	28	682.357
Gypsy142-I_DR	110	456	566	0	9.905	19	2271.421
Harbinger-5N1B_DR	276	285	561	26.93			
ERV1-N9-LTR_DR	328	232	559	0	8.056	265	785.125
BEL10-I_DR	4	553	557	0	12.24	15	1186.067
Gypsy-166B_DR-LTR	0	555	555	0	7.736	22	560.545
hAT-30_DR	550	0	550	0	17.252	194	317.495
L1-64_DR	0	532	532	0	10.15	183	316.645
Copia-8-I_DR	77	454	531	0	16.324	150	861.653
DNA-TA-7_DR	528	0	528	53.85	10.228	1291	392.053
LOOPER-N5B_DR	42	482	524	255.79			
DNA-2-4_DR	517	0	517	26.93	16.066	2897	436.2
hAT-12_DR	2	507	509	0	15.353	146	404.39
BEL3-LTR_DR	0	498	498	0	8.95	28	382.143
Gypsy156-LTR_DR	0	498	498	0	6.479	38	664.842
L1-136_DR	0	498	498	0			
BEL-51_DRe-I	0	490	490	0	6.417	6	1980.667
L1-65_DR	154	331	485	1548.2	11.555	303	321.432
piggyBac-N5C_DR	221	260	481	13.46			
Rex1-40_DRe	173	307	480	26.93	7.976	2343	393.151
Zisupton-4_DR	128	349	477	0	19.752	23	573.522
CryptonV-2_DR	134	339	472	53.85	16.835	4958	139.717
hAT-29_DR	469	0	469	0	16.654	169	173.195
piggyBac-N15_DR	469	0	469	13.46			
Sola2-N3_DR	456	12	468	26.93			
LTR-20_DR-LTR	111	356	467	0			
Gypsy103-I_Dr	2	463	465	0	11.283	35	2087.886
DNA-8-16_DR	147	317	464	0	6.882	468	840.795
Gypsy11-LTR_DR	0	460	460	0	9.095	78	708.705
DNA-5-8_DR	217	220	437	26.93	11.874	870	338.731
Gypsy-169-LTR_DR	5	428	432	0	11.81	825	232.33
hAT-N39_DR	431	0	432	40.39	7.05	1011	478.917
TDR8C	431	0	431	26.93	12.847	892	402.897
SAT-23_DR	74	356	430	121.16	11.872	652	761.265
Gypsy-22-LTR_DR	0	424	424	0	9.935	75	581.213
Harbinger-5N1_DR	385	39	424	53.85			
hAT-N159_DR	218	204	422	834.68			
DNA-2-16_DR	408	12	420	0	9.887	1456	557.109
Gypsy94-I_DR	134	286	420	26.93	7.371	41	1241.341
DNA7-N2_DR	324	95	419	94.24	16.952	6339	96.577
ZFERV-2-LTR_DR	226	192	418	0	10.148	60	373.583
DNA-6-N4_DR	206	206	412	13.46	9.37	928	773.407
BEL34-LTR_DR	11	396	407	0	5	13	488.385
BEL-16_DR-LTR	0	406	406	0	8.094	18	498.5
Helitron-N3B_DR	149	255	405	40.39			
hAT-N21_DR	194	210	404	40.39	11.653	4172	433.205
piggyBac-N7_DR	403	0	403	13.46	11.499	231	440.545
Gypsy-194B_DR-LTR	0	390	390	0	19.237	122	318.615
hAT-N46_DR	70	320	390	148.09	9.863	1065	326.902
RTEX-5_DR	382	0	382	0	10.804	388	380.015
Mariner-N29_DR	0	379	379	13.46			
EnSpm-N1_DR	144	229	373	13.46	17.252	1461	236.691
Gypsy-28-I_DR	107	266	373	0	7.853	76	2717.461
ENSPM-6_DR	38	334	372	255.79	15.864	17168	144.311
Gypsy-193_DR-I	78	282	360	0	13.162	65	1737.738
IS3EU-4_DR	190	170	360	67.31	17.544	6963	217.83
Gypsy-240_DR-LTR	0	358	358	0			
Gypsy-195_DR-LTR	21	336	357	0	12.321	34	321.5
Gypsy140-I_DR	109	246	356	0	17.15	8	2427.75
hAT5-N2B_DR	50	306	356	13.46			
EnSpm-N36_DR	159	194	353	430.8			
DIRS-6_DR	90	261	351	40.39	9.497	688	816.501
ERV1-N3C-LTR_DR	10	340	350	0	13.633	51	540.588
Merlin-1_DR	101	247	348	282.71	14.334	30308	164.416
Gypsy-221_DR-LTR	0	345	345	0	7.562	125	309.416
DNA-3-3_DR	35	306	342	67.31	12.161	1613	495.069
MuDR-2N1_DR	0	340	340	13.46			
BEL5-LTR_DR	0	339	339	0	10.486	113	335.575
EnSpm-N36B_DR	150	184	334	296.18			
L1-94_DR	328	0	328	0	14.907	204	435.941
DIRS-N2_DR	271	56	327	107.7	11.798	2530	510.296
DNA6-8B_DR	242	84	326	13.46			
Gypsy-182_DR-LTR	0	326	326	0	11.182	113	304.389
BEL4-LTR_DR	0	321	321	0	4.288	26	755.346
L1-75_DR	292	29	321	0	15.153	316	416.177
DNA-8-26_DR	284	36	320	13.46	14.372	881	347.716
L1-112_DR	0	320	320	0	15.895	263	373.635
ERV1-5_DR-I	285	34	319	40.39	15.36	82	567.134
L2-11_DRe	0	318	318	40.39	10.876	415	390.116
Polinton-4N1_DR	138	172	310	471.19			
hAT-N53_DR	203	105	309	0	14.128	10095	278.203
ERV1-N2-LTR_DR	0	307	307	13.46	11.698	1564	369.558
Copia-7-I_DR	195	111	306	0	21.323	570	830.284
BEL-50_DRe-LTR	0	305	305	107.7	11.179	97	227.041
L1-56_DR	1	304	305	282.71	14.37	604	234.449
LTR-9_DR	300	0	300	0	9.12	327	357.327
Gypsy-188_DR-LTR	0	298	298	0	7.28	75	396.533
HARBINGER3NB_DR	257	41	298	13.46			
Harbinger-7_DR	107	189	296	0	19.83	10	545.1
hAT-N36B_DR	288	8	296	390.41	4.4	427	434.246
hAT-N36C_DR	288	8	296	471.19	8.257	1112	528.58
hAT-N53B_DR	239	56	294	94.24	14.236	2927	289.867
Gypsy-130_DR-LTR	239	52	291	13.46	8.511	64	406.75
hAT-34_DR	34	252	286	0			
Harbinger-N11_DR	0	285	285	121.16	11.051	1625	468.43
MuDR-2_DR	171	111	283	26.93			
EnSpm-N47_DR	95	188	282	94.24			
DNA-3-2_DR	251	30	281	53.85	9.545	1953	330.448
EnSpm-N49B_DR	156	124	280	13.46			
L2-6_DRe	0	280	280	0	13.117	609	396.872
Gypsy-168B_DR-I	8	271	279	0			
Gypsy35-LTR_DR	0	277	277	0	9.828	214	455.397
DNA2-16_DR	164	111	275	175.01	15.355	17743	116.679
L1-83_DR	21	254	275	0	11.912	245	407.657
Merlin-2_DR	244	31	275	26.93			
TE-X-3_DR	15	258	273	134.63	9.34	3009	413.134
ERV1-N8-LTR_DR	271	0	271	0	9.794	247	443.915
piggyBac-N5_DR	8	260	269	0	12.01	1469	342.579
ISL2EU-1_DR	0	268	268	0	23.52	45	487.178
Mariner-N5C_DR	122	144	266	26.93			
TZF28B	0	266	266	686.59	9.226	10168	582.491
DIRS-8_DR	118	146	265	6179.32	12.194	882	698.635
BEL27-LTR_DR	24	240	264	0	3.085	71	254.592
Gypsy107-I_Dr	0	264	264	0	14.08	20	1849.9
DNA-AT-1_DR	90	171	261	444.26	13.302	5316	261.294
Nimb-3_DR	21	238	260	53.85	15.658	159	495.887
DNA6-3_DR	134	124	258	0	8.422	294	390.337
L1-101_DR	75	183	258	0	10.672	212	359.142
Gypsy-217_DR-LTR	0	253	253	0	5.833	6	128.333
hAT-N29_DR	6	245	251	94.24	14.21	1663	312.497
BEL4-I_DR	0	250	250	0	22.017	18	2454.389
Rex1-50_DR	106	144	250	0	11.152	644	221.286
LTR5_DR	5	243	248	0	9.361	198	660.237
Copia-8-LTR_DR	1	245	246	0	11.651	935	416.784
Gypsy44-LTR_DR	20	225	245	0	11.843	157	332.694
DNA-5-8D_DR	235	0	235	67.31	8.345	449	329.169
ERV1-N1B_DR-LTR	89	145	234	0			
LTR-11_DR-LTR	24	210	234	1884.76	13.653	9325	152.787
Gypsy-28B-I_DR	87	142	229	0	10.669	87	2581.264
DNA-6-N2_DR	86	142	228	323.1	11.998	4014	302.596
hAT-N65_DR	128	96	224	67.31	10.984	777	456.015
hAT-N38_DR	213	10	223	201.94	10.964	5275	326.58
DIRS-15B_DR	159	60	219	67.31	16.728	659	348.797
Gypsy-20-LTR_DR	188	30	218	0	2.325	8	859.75
Harbinger-N16B_DR	2	216	218	26.93			
Gypsy-187_DR-LTR	0	216	216	0	12.043	248	392.371
hAT-N142_DR	210	4	214	26.93	15.585	1901	177.762
Gypsy-171-LTR_DR	0	209	209	0	8.664	169	455.473
Gypsy-16-LTR_DR	207	1	208	0	5.569	188	888.303
DNA2-2_DR	113	95	207	121.16	6.259	4071	645.945
ERV1-N10_DR-LTR	186	20	206	0			
BEL25-LTR_DR	0	205	205	26.93	3.61	20	515.15
hAT-N30_DR	2	203	205	53.85	5.192	2570	662.898
L1-92_DR	0	205	205	0	20.504	367	312.749
DNA2-13_DR	72	129	201	0	19.119	1693	162.409
DNA8-8B_DR	190	10	200	134.63	12.667	1305	239.5
ERV1-N7-LTR_DR	101	99	200	0	8.266	200	369.085
Gypsy140-LTR_DR	2	193	195	0	14.956	62	446.806
DIRS-9B_DR	18	176	194	0	14.834	275	525.367
DNA-4-3B_DR	143	50	193	40.39			
Gypsy-238_DR-LTR	0	193	193	0			
HATN3B_DR	182	12	193	121.16	8.799	2671	354.027
BEL-49_DRe-I	4	188	192	0	12.325	8	1650.375
ERV3_DR_LTR	64	128	192	0	13.125	296	534.909
hAT-N19_DR	0	192	192	107.7	6.469	420	391.714
CryptonV-3_DR	80	108	189	13.46	16.418	4653	119.797
L1-118_DR	176	12	188	0			
Gypsy112-LTR_DR	0	187	187	0	25.7	4	227
Gypsy163-LTR_DR	0	187	187	0	5.524	17	183.941
Mariner-3_DR	0	187	187	80.78	16.285	323	290.796
ERV1-N3B-LTR_DR	19	165	184	0	7.546	459	915.462
DNA7-N1_DR	70	113	183	282.71	17.023	2792	356.198
BHIKHARI-3-LTR_DR	4	178	182	0	12.842	589	385.988
Gypsy-239_DR-LTR	96	85	181	0			
BEL-66_DR-LTR	0	180	180	0			
Gypsy-250_DR-LTR	0	179	179	0			
BEL1-I_DR	0	178	178	0	17.693	14	617.214
DIRS-1C-LTR_DR	118	60	178	80.78	9.205	1371	438.529
hAT-N54_DR	54	122	176	67.31	12.066	3270	343.248
Penelope-5_DR	175	0	176	26.93			
Gypsy94-LTR_DR	0	175	175	0	8.097	61	390.869
hAT-N45C_DR	172	1	173	134.63			
EnSpmN1_DR	20	152	172	80.78	16.471	856	798.275
Gypsy150-LTR_DR	86	86	172	0	15.229	7	97.714
Gypsy73-I_DR	0	171	171	0	9.114	14	1245.143
DIRS-4N2_DR	42	128	170	67.31	11.175	1058	571.945
Gypsy155-I_DR	0	170	170	0	14.391	22	1951.136
Mariner-N2_DR	0	170	170	26.93	15.174	2623	347.128
MuDR-N1_DR	0	170	170	161.55	10.996	5103	477.219
EnSpm-N39B_DR	65	105	169	40.39			
EnSpm-N39_DR	73	94	167	40.39			
Gypsy136-LTR_DR	167	0	167	0	7.473	59	462.966
Gypsy145-I_DR	0	167	167	0	17.665	26	1188.231
RTEX-2_DR	165	1	166	26.93	12.144	1620	192.496
DNA8-20_DR	124	40	164	0	17.133	944	688.823
Gypsy72-I_DR	49	114	163	0	14.959	29	1215.31
piggyBac-N13B_DR	1	162	162	430.8			
hAT-N35B_DR	156	5	161	161.55	10.391	2176	277.224
ERV1-5_DR-LTR	154	5	159	0	5.154	59	768
hAT-N67_DR	2	158	159	13.46	10.147	895	424.977
hAT-N89B_DR	134	23	156	13.46			
P-1_DR	19	136	156	0	16.428	706	212.193
ZFERV-2-I_DR	1	154	155	94.24	15.651	383	102.467
DNA-8-11_DR	100	55	154	134.63	7.699	1324	500.276
hAT-N164_DR	10	144	154	107.7			
Mariner-5_DR	2	152	154	67.31	11.839	130	588.708
Ginger1-1N1_DR	65	88	153	53.85	8.76	40	275.125
DNA-8-22_DR	6	144	150	228.86	11.952	2817	290.66
DNA-TA-4_DR	141	9	150	121.16	14.402	3275	353.361
DNA-N20_DR	149	0	149	134.63			
Rex1-31_DRe	132	16	148	834.68	13.068	1398	236.608
BEL-69_DR-LTR	0	147	147	0			
DNA8-23_DR	74	74	147	40.39	17.211	4769	296.616
Gypsy127-LTR_DR	0	147	147	0	10.265	146	381.082
DNA-5-4_DR	50	96	146	255.79	14.523	3287	318.423
L1-52_DR	145	0	145	0	15.827	325	447.114
DNA-5-6_DR	0	143	143	26.93	7.036	1623	600.059
ERV1-N7-I_DR	10	133	143	107.7	16.01	204	1112.505
Gypsy-172_DR-LTR	0	143	143	0	8.462	24	814.333
hAT-N164B_DR	7	136	143	13.46			
Gypsy-191_DR-I	0	142	142	0	19.08	5	877
Kolobok-N4_DR	100	42	142	107.7	16.037	1408	280.925
Gypsy-219_DR-LTR	59	82	141	0	11.996	27	378.111
ERV1-N11_DR-LTR	0	140	140	13.46			
Gypsy-209_DR-I	60	80	140	0	23.978	51	808.804
Tx1-20_DR	8	130	138	3607.97	14.473	243	505.646
EnSpm-4N3_DR	0	136	136	0			
Gypsy-226_DR-I	3	133	136	0	12.555	11	1137
hAT-N127_DR	59	77	136	255.79	14.135	8270	170.53
hAT-N21B_DR	0	136	136	403.88	14.749	19787	223.14
hAT-N64_DR	0	136	136	26.93	11.042	2242	279.152
Kolobok-N2A_DR	2	134	136	80.78	12.703	3464	380.922
CryptonV-N4_DR	123	12	135	121.16			
Gypsy88-I_DR	0	133	133	0	17.961	18	1363.833
HAT1-N1B_DR	65	68	133	390.41	13.672	1715	293.537
Gypsy152-I_DR	0	132	132	0	15.58	5	977.6
hAT-N148_DR	0	132	132	26.93	10.62	245	409.367
DNA-1-11_DR	0	131	131	619.28	12.297	5122	342.749
DNAX-15_DR	131	0	131	188.48	15.279	1648	186.748
ERV1-N3-LTR_DR	84	47	131	13.46	9.076	683	940.65
CR1-24_DR	0	130	130	26.93	11.103	420	371.336
RTE-3_DR	130	0	130	0			
hAT-25_DR	4	124	128	0	14.771	132	174.735
EnSpm-N10_DR	2	125	127	201.94	18.654	6422	111.414
Gypsy79-I_DR	69	59	127	2302.1	7.764	11	1189.091
hAT-N89_DR	109	19	127	0	6.695	865	394.425
Copia-11_DR-LTR	0	126	126	94.24	16.869	1267	271.462
Copia-12_DR-LTR	0	126	126	13.46	20.027	2120	241.733
EnSpm-N39C_DR	24	102	125	13.46			
Gypsy-249_DR-LTR	2	123	125	0			
HARBINGERN2C_DR	0	125	125	53.85	13.261	1319	271.411
hAT-N159B_DR	3	121	124	13.46			
Helitron-1N1_DR	44	79	124	0	7.015	505	656.341
ERV1-N1-I_DR	24	98	121	0	14.97	907	444.89
hAT-N18_DR	109	12	121	40.39	11.106	901	309.656
hAT-N22C_DR	0	119	119	228.86			
Gypsy-248_DR-I	16	101	118	0			
DNA-5-5_DR	68	46	114	26.93	9.366	2153	656.459
BEL-50_DRe-I	102	10	112	0	7.562	24	1501.792
HATN13B_DR	49	62	112	80.78	9.27	1979	545.136
TDR13C	112	0	112	403.88	21.622	7515	260.479
hATN13C_DR	49	62	111	94.24	8.801	1139	387.984
hAT-N163_DR	56	54	109	0			
EnSpm-3_DR	53	55	108	0	16.538	787	328.856
hAT-4_DR	108	0	108	13.46	15.312	26	676.846
hAT-N163B_DR	103	4	108	0			
Helitron-1N3_DR	31	77	107	0	17.436	431	251.49
DNA-N17_DR	0	106	106	363.49			
Gypsy45-LTR_DR	103	2	105	0	9.893	107	461.103
DIRS-1B-LTR_DR	44	60	104	26.93	9.771	460	430.489
hAT-N153_DR	0	103	103	13.46			
Gypsy-226_DR-LTR	101	0	101	0	11.988	143	156.699
BEL12-LTR_DR	0	100	100	94.24	11.15	94	325.521
LTR5B_DR	0	100	100	13.46	13.949	719	441.986
DNA2-2B_DR	4	95	99	376.95	13.607	3277	338.971
BEL-38-I_DR	98	0	98	0	7.517	24	2978.625
ERV1-I_DR	0	98	98	0	8.878	123	487.699
Harbinger-4N1_DR	2	96	98	659.67			
piggyBac-N13_DR	0	98	98	161.55	14.691	1881	213.421
Dada-U1B_DR	0	97	97	13.46	20.08	140	296.564
hAT-N48B_DR	9	88	97	1736.67			
Tx1-57_DR	97	0	97	0			
CryptonV-N1_DR	8	88	96	161.55			
DNA-1-3_DR	42	53	96	148.09	16.016	3883	331.566
Copia1-LTR_DR	14	81	95	0	4.253	32	163.25
Nimb-11_DR	0	95	95	0	15.71	156	422.699
DNA-N18_DR	75	18	93	40.39			
ERV1-12_DR-LTR	93	0	93	161.55			
Dada-tL_DR	87	5	92	80.78	13.555	1796	323.428
hAT-N48C_DR	3	88	91	1278.94			
Helitron-N2_DR	10	81	91	94.24	13.777	3856	167.538
Helitron-N3_DR	10	81	91	80.78	13.108	11970	197.172
Mariner-N24_DR	0	91	91	13.46			
BEL32-LTR_DR	0	90	90	0	6.611	35	521.2
DNA2-7_DR	19	71	90	67.31	17.355	3474	192.797
EnSpm-N48B_DR	42	48	90	161.55			
Gypsy119-I_DR	0	90	90	0	14.793	28	1370.071
Gypsy35-I_DR	0	90	90	0	14.144	18	1310.167
hAT-N165_DR	0	90	90	26.93			
hAT-N20_DR	23	68	90	13.46	10.869	1364	526.888
DIRS-1E-LTR_DR	11	78	89	525.04	15.466	2933	148.382
hAT-N157_DR	48	41	89	40.39			
hAT-N94_DR	88	1	89	121.16	12.82	2369	174.42
REX1-9_DR	15	74	89	0	14.129	201	160.552
IS4EU-1_DR	0	88	88	13.46	21.192	428	113.161
Kolobok-4N1_DR	23	65	88	336.56			
DIRS-4N3_DR	2	85	87	13.46	14.618	224	420.272
Mariner-N5B_DR	47	40	87	67.31	11.532	1880	563.589
Mariner-N5_DR	47	40	87	13.46	13.097	1192	416.574
TDR13B	1	86	87	444.26	13.647	3723	536.816
TDR13B2	0	86	86	296.18	11.196	3465	446.515
EnSpm-7_DR	42	43	85	269.25	20.491	2496	75.281
SAT-26B_DR	0	85	85	40.39			
Tx1-47_DR	1	84	85	996.23	4.37	10	3838.9
Dada-U1A_DR	42	42	84	228.86	19.016	4525	107.034
DNA-1-3B_DR	32	53	84	53.85	15.52	3960	438.3
Gypsy-211_DR-I	0	84	84	0	15.958	12	1214.75
IS3EU-1_DR	42	42	84	228.86	21.578	3221	75.38
DNAX-21_DR	0	83	83	94.24	14.427	932	121.947
EnSpm-17_DR	41	42	83	228.86	18.594	4838	71.193
Gypsy70-I_DR	55	28	83	0	12.292	25	2509.6
hAT-N188_DR	1	82	83	13.46			
DNA-AT-2_DR	3	80	82	80.78	11.535	1987	572.207
DNA-8-9_DR	35	46	81	53.85	17.159	6645	235.199
Gypsy172-I_Dr	0	80	81	0	22.291	32	624.531
BEL-55_DRe-LTR	2	78	80	0	10.117	23	423.348
DNA-8-11B_DR	8	71	79	53.85	14.012	793	410.61
Helitron-1N2_DR	0	79	79	80.78	16.1	976	377.469
Gypsy134-I_DR	0	78	78	0	7.913	31	630.419
L1-128_DR	0	78	78	13.46			
Gypsy36-LTR_DR	0	77	77	13.46	11.94	209	267.435
hAT-N35C_DR	71	6	77	175.01	10.533	2061	311.068
Gypsy-27-LTR_DR	0	76	76	0	13.444	143	465.168
hAT-N198_DR	5	72	76	134.63			
L2-42_DRe	76	0	76	80.78	11.515	315	508.133
Copia-23_DR-I	75	0	75	215.4			
hAT-N31_DR	74	1	75	255.79	12.022	1551	261.216
CR1-42_DR	0	74	74	0	11.646	290	558.545
hAT5-N2_DR	5	69	74	336.56	14.227	2955	173.871
Helitron-N5_DR	74	0	74	0			
SINE2-3_DR	9	63	72	8683.36			
DNA-8-3_DR	21	50	71	40.39	12.188	5799	523.98
HE2_DR	9	63	71	8912.22			
ERV1-N1-LTR_DR	25	45	70	40.39	12.72	1928	365.864
hAT-2_DR	68	1	69	94.24	5.651	860	310.462
BEL29-I_DR	68	0	68	0	13.81	20	1640.2
Gypsy-32-I_DR	0	68	68	0	17.094	47	1500.638
Gypsy-34-I_DR	0	68	68	0	10.119	47	1582.085
TDR22B	5	62	67	228.86	12.403	2360	533.183
hAT-N137_DR	6	60	66	417.34	11.458	22487	221.963
L1-45_DR	0	66	66	0	10.158	311	318.701
Tx1-9_DR	33	33	66	0	13.833	9	1786.333
Gypsy42B-LTR_DR	0	65	65	26.93	14.05	257	377.735
Rex1-29_DRe	58	7	65	0	9.54	113	534.053
DNA-1-5_DR	27	38	64	632.74	12.092	3380	361.519
EnSpm-N17_DR	4	60	64	40.39	15.913	3751	114.441
piggyBac-N5B_DR	0	64	64	0	12.56	1450	272.668
TDR17B	60	3	64	592.35	12.779	21706	281.806
Copia-26_DR-I	63	0	63	0			
Gypsy-237_DR-I	0	63	63	0			
Gypsy-250_DR-I	0	63	63	0			
Gypsy48-I_DR	0	63	63	0	8.638	16	2016.062
Gypsy58-I_DR	0	63	63	0	18.729	24	1214.833
Gypsy65-I_DR	0	63	63	0	6.4	6	3899.5
Harbinger-N12_DR	0	63	63	134.63	13.469	2597	301.506
hAT-28_DR	15	48	63	0	11.06	83	762.843
LOOPER-N5C_DR	42	22	63	67.31			
Gypsy159-LTR_DR	0	62	62	0	11.136	47	321.766
DIRS-4N1-LTR_DR	10	51	61	107.7	15.987	1567	277.245
Penelope-1_DR	1	60	61	67.31	18.852	4128	124.438
Tx1-12_DR	0	61	61	0	13.83	238	646.727
DNA6-8_DR	53	7	60	0	10.224	736	374.599
hAT-N163C_DR	56	4	60	0			
Kolobok-1N1_DR	6	54	60	107.7	9.826	1863	304.533
Gypsy143-I_DR	0	59	59	0	6.62	15	1522
Gypsy-251_DR-I	11	48	59	0			
hAT-N90_DR	45	14	59	0	10.529	363	777.598
EnSpm-N3B_DR	56	2	58	201.94	12.908	2383	510.82
Harbinger-8N2_DR	58	0	58	1400.11	15.908	7986	286.033
ERV1-N3-I_DR	0	57	57	3432.96	19.384	4948	158.56
Gypsy135-I_DR	0	57	57	0	21.203	69	1100.841
hAT-N138B_DR	57	0	57	255.79			
Helitron-N4_DR	38	19	57	13.46	11.746	1029	356.406
DIRS-1F-LTR_DR	14	41	56	188.48	16.8	1380	130.88
EnSpm-N3_DR	56	0	56	0	15.291	89	194.022
ERV1-N9B-LTR_DR	0	56	56	0	16.675	1178	390.365
Gypsy93-I_DR	0	56	56	0	5.641	17	1622.118
hAT-N26_DR	1	55	56	242.33	11.206	2512	432.748
Kolobok-N13_DR	56	0	56	67.31	20.847	1960	157.705
LOOPERN3B_DR	0	55	55	928.92	12.115	10008	368.104
Gypsy-29-I_DR	54	0	54	0	14.722	45	2042.8
hAT-N63_DR	7	47	54	40.39	9.073	1065	537.898
DNA6-6_DR	18	35	53	228.86	14.201	14024	145.155
hAT-N183_DR	26	26	53	26.93			
DNA8-26_DR	50	2	52	148.09	16.356	3661	143.22
DNA-AT-4_DR	52	0	52	13.46	6.363	117	358.35
hAT-N121_DR	52	0	52	457.73	14.202	4165	233.97
hAT-N150_DR	0	52	52	13.46	12.337	724	209.511
hAT-N34B_DR	52	1	52	26.93			
hAT-N34_DR	52	0	52	484.65	10.353	4068	259.089
Gypsy-192_DR-I	51	0	51	0	18.2	18	1191.778
Harbinger-N26_DR	0	51	51	0			
hAT-N136_DR	0	51	51	26.93	6.954	200	248.735
BEL-59_DRe-LTR	0	50	50	13.46	5.522	36	524.222
DNA-2-32_DR	29	21	50	107.7	19.149	1811	115.463
DNA6-1B_DR	0	50	50	350.03	14.75	1503	201.013
DNA6-1_DR	0	50	50	269.25	15.921	5443	141.642
hAT-N41B_DR	0	49	50	0	4.835	431	777.861
hAT-N41_DR	0	49	50	40.39	4.448	1166	529.13
L1-113_DR	50	0	50	0			
BEL35-I_DR	0	49	49	0	16.151	35	745.114
DIRS-1D-LTR_DR	13	36	49	26.93	10.884	1152	336.756
Gypsy127-I_DR	0	49	49	0	20.351	41	969.317
Gypsy-26-LTR_DR	0	49	49	13.46	9.592	64	435.344
Gypsy37-LTR_DR	24	25	49	0	9.43	234	316.03
hAT-N146_DR	0	49	49	67.31	8.852	2498	157.531
EnSpm-16_DR	7	42	48	80.78	15.825	1854	255.58
ERV1-N5-LTR_DR	46	2	48	26.93	8.339	595	507.013
Zisupton-7_DR	2	46	48	753.9			
hAT-N35D_DR	7	40	47	26.93			
Rex1-21_DRe	0	47	47	13.46	13.93	477	291.87
DNA9-3_DR	23	24	46	107.7	17.207	7316	98.581
EnSpm-N6B_DR	14	30	44	94.24			
Tx1-2_DR	1	43	44	2288.64	12.938	168	569.863
HARBINGERN2B_DR	41	2	43	269.25	13.553	2721	319.487
hAT-N160_DR	43	0	43	0			
hAT-N185_DR	41	2	43	80.78			
Gypsy12-I_DR	0	42	42	0	19.562	16	1836.5
hAT-N134_DR	42	0	42	4429.19	17.942	4519	80.426
Gypsy76-LTR_DR	0	41	41	0	9.583	60	344.017
hAT-N48_DR	0	41	41	80.78	12.146	2191	344.685
hAT-N48D_DR	0	40	40	13.46			
BEL10-LTR_DR	0	39	39	0	10.67	96	164.135
hAT-28N1_DR	0	39	39	26.93	13.749	1221	264.168
BEL21-LTR_DR	0	38	38	0	6.827	30	155.6
Gypsy-194_DR-I	0	38	38	0	20.061	59	1266.441
Gypsy67-I_DR	0	38	38	26.93	7.324	33	1169
Helitron-1N4_DR	38	0	38	0	13.458	1168	1002.223
Kolobok-N2C_DR	37	2	38	0			
Kolobok-N2_DR	37	2	38	282.71	14.13	4828	377.066
Rex1-23_DRe	38	0	38	0	12.903	612	382.312
ERV1-1-I_DR	34	3	37	0	8.367	30	2682.667
Gypsy152B-I_DR	0	37	37	0	4.675	24	3622.375
Gypsy-216_DR-I	25	12	37	0	22.817	18	1190.667
LOOPERN7_DR	18	19	37	0	12.545	937	346.456
DNA-3-2B_DR	36	0	36	242.33	11.692	2528	368.492
EnSpm-N40_DR	9	27	36	80.78			
Gypsy-116-I_DR	2	34	36	0	13.124	29	1849.966
hAT-N194_DR	36	0	36	53.85			
RTEX-4_DR	0	36	36	0	7.566	154	515.481
Gypsy-28C_DR-LTR	34	1	35	0			
CryptonV-N5_DR	27	7	34	255.79			
DNA2-32B_DR	23	11	34	26.93	10.769	1114	391.888
DNA8-17_DR	5	29	34	376.95	13.385	20252	214.422
EnSpm-15_DR	30	4	34	40.39	16.715	9279	88.495
ERV1-N3D-LTR_DR	9	25	34	0	13.403	411	496.47
Gypsy-28B-LTR_DR	34	0	34	0	15.364	146	459.034
Gypsy-28-LTR_DR	34	0	34	0	13.997	204	400.387
Gypsy41-I_DR	8	26	34	0	6.773	48	1767.792
hAT-N36_DR	17	17	34	390.41	4.413	1114	499.461
BEL-64_DRe-I	31	1	33	67.31	19.191	942	168.11
hAT-N75_DR	17	16	33	215.4	8.974	732	345.624
L1-20_DR	30	3	33	269.25	11.631	321	605.701
BEL-26_DR-LTR	31	0	31	13.46	4.53	30	361.333
DIRS-4N4-LTR_DR	7	24	31	0	15.862	281	242.057
Crack-5_DR	0	30	30	13.46			
DNA2-9_DR	30	0	30	0	17.977	385	332.642
Gypsy119-LTR_DR	20	10	30	13.46	12.978	137	392.394
DIRS-1G-LTR_DR	5	24	29	53.85	8.116	135	392.985
Tx1-24_DR	0	29	29	0	11.358	219	394.511
ZFERV-2N2-I_DR	27	1	29	0	15.468	677	418.099
BEL-26_DR-I	0	28	28	0	19.146	24	2036.5
Gypsy128-I_DR	4	24	28	0	10.1	28	1709.071
piggyBac-N16B_DR	28	0	28	80.78			
SINE2-3B_DR	8	20	28	1359.72			
DNA5-6B_DR	0	27	27	13.46	14.754	414	322.614
Gypsy-130_DR-I	3	23	27	0	18.088	17	1567.176
Gypsy46-LTR_DR	0	27	27	26.93	12.488	114	248.342
Gypsy81-LTR_Dr	0	27	27	0	7.218	101	427.673
BEL-55_DRe-I	0	26	26	0	24.415	13	1011.615
Gypsy66-I_DR	0	26	26	0	5.967	9	4000.667
LRS-3_DR	0	26	26	0			
DNAX-25B_DR	6	19	25	13.46			
DNAX-25_DR	6	19	25	13.46	18.866	2378	157.231
Gypsy106-I_DR	2	23	25	0	0.557	7	6429.286
Gypsy45-I_DR	0	25	25	0	24.609	33	1191.242
hAT-N40_DR	25	0	25	26.93	8.863	929	390.215
Gypsy40-I_DR	1	23	24	0	9.694	36	1531.444
NonLTR-1B_DR	14	10	24	0	8.621	348	356.293
NonLTR-1C_DR	14	10	24	13.46	11.71	525	282.865
Zisupton-6_DR	13	11	24	471.19			
Gypsy11-I_DR	0	23	23	0	9.312	17	4542.059
Gypsy151-I_DR	0	23	23	0	0.625	4	4466
Gypsy-186_DR-I	0	23	23	0	17.567	6	1132.167
Gypsy-216_DR-LTR	0	23	23	336.56	10.156	135	350.007
Gypsy-240_DR-I	0	23	23	0			
Gypsy4-I_DR	0	23	23	0	1.8	6	4519
Harbinger-N13B_DR	0	23	23	26.93	20.608	350	148.846
Harbinger-N13_DR	0	23	23	1117.39	11.669	4135	253.387
hAT-5_DR	0	23	23	0	13.305	176	265.114
Nimb-13_DR	12	11	23	0	18.303	80	681.7
BEL-61_DRe-I	0	22	22	0	12.336	25	1699.56
DNA-4-3_DR	20	1	22	80.78	9.311	2128	434.397
Gypsy146-LTR_DR	0	22	22	0	11.912	33	321.545
hAT-6_DR	22	0	22	0	18.304	152	366.941
hAT-N158_DR	22	0	22	53.85			
L2-16_DRe	22	0	22	0	12.732	524	441.885
Tx1-3_DR	13	9	22	1346.26	12.53	152	568.717
Copia-22_DR-LTR	0	21	21	0			
Gypsy-200_DR-I	0	21	21	0	11.429	63	1187.143
Harbinger-N29_DR	7	14	21	26.93			
BEL23-I_DR	11	9	20	0	4.071	7	4072.286
BEL-63_DRe-I	0	20	20	0	5.881	26	3624.231
Copia2-I_DR	20	0	20	0	23.603	32	573.531
Gypsy10-LTR_DR	20	0	20	13.46	8.176	51	872.49
hAT-N190B_DR	20	0	20	471.19			
hAT-N49_DR	20	0	20	67.31	12.528	2231	350.632
L2-35_DRe	20	0	20	13.46	15.226	606	309.112
L2-53_DR	1	19	20	0	14.301	157	252.408
SINE2-4_DR	4	17	20	2611.74			
Gypsy-15-I_DR	0	19	19	0	3.294	17	5024.882
Gypsy7-I_DR	19	0	19	350.03	12.51	60	1743.6
HERODr	0	19	19	0	18.184	76	591.316
BEL17-I_DR	0	18	18	0	16.136	22	1501.045
Copia-15B_DR-LTR	0	18	18	0	10.378	161	376.112
DNA8-25_DR	7	11	18	228.86	15.925	6686	124.052
Gypsy137-I_DR	0	18	18	0	0.889	9	5053.889
Gypsy-208_DR-LTR	0	18	18	0	7.882	11	136.364
Gypsy39-I_DR	1	17	18	0	13.532	40	1517.65
hAT-N168B_DR	18	0	18	269.25			
TE-X-24_DR	18	0	18	0			
DNA-3-6_DR	17	0	17	228.86	15.025	2506	257.287
Gypsy10-I_DR	0	17	17	0	10.615	20	3991
Gypsy164B-I_DR	0	17	17	0	13.858	133	1231.571
Gypsy-167-I_DR	0	17	17	0	12.58	15	2194.667
Gypsy-185_DR-I	0	17	17	0	2.533	6	4744.667
Gypsy47-I_DR	0	17	17	0	11.035	62	1354.226
Gypsy63-I_DR	0	17	17	0	4.236	11	3903.182
hAT-24_DR	17	0	17	26.93	9.765	77	541.273
BEL-56_DRe-I	16	0	16	0	13.845	42	2670.31
Gypsy148-LTRb_DR	0	16	16	53.85	12.409	301	351.395
Gypsy148-LTR_DR	0	16	16	13.46	7.928	193	566.259
Gypsy-171-I_DR	0	16	16	0	7.4	22	1836.909
Gypsy50-I_DR	4	13	16	13.46	8.985	39	1553.359
hAT-N97_DR	16	0	16	13.46	7.991	143	372.469
L1-107_DR	16	0	16	13.46	15.317	267	308.217
DIRS-1B_DR	0	15	15	0			
EnSpm-4_DR	2	13	15	215.4	12.622	679	317.028
ERV1-N6-I_DR	15	0	15	201.94	14.284	297	198.832
Gypsy100-I_DR	14	0	15	0	0.775	8	6682.625
Gypsy144-I_DR	0	15	15	0	11.583	6	4521.833
hAT-15_DR	15	0	15	0	12.026	407	155.138
L1-42_DR	0	15	15	0	17.063	470	392.723
L1-55_DR	15	0	15	13.46	16.368	372	435.075
Nimb-5_DR	0	15	15	0			
CR1-22_DR	0	14	14	26.93	11.294	430	312.886
DNA-6-N3_DR	7	7	14	0	8.853	682	446.416
Gypsy-199_DR-I	0	14	14	0	26.964	165	679.194
hAT-23_DR	0	14	14	0	8.574	54	641.019
hAT-N32D_DR	14	0	14	336.56	13.665	2657	339.99
IS3EU-5_DR	7	7	14	26.93	17.122	334	162.988
L2-7_DRe	14	0	14	0	10.915	199	422.553
REX1-4_DR	0	14	14	0	11.982	466	362.545
Academ-N1_DRe	0	13	13	107.7	17.556	1921	187.554
Copia-11I_DR-LTR	1	12	13	0	14.262	1526	364.86
DNA9-5_DR	0	13	13	255.79	18.703	1481	213.192
Gypsy-201_DR-I	0	13	13	0	1.125	4	2503.5
SINE2-5_DR	5	8	13	4725.36			
TE-X-1_DR	12	1	13	67.31	9.902	1524	329.357
EnSpm-N11_DR	3	9	12	53.85	19.016	5942	109.476
ERV1-N2-I_DR	0	12	12	0	8.853	57	649.298
Ginger1-N1_DR	0	12	12	255.79	18.771	4371	94.638
Gypsy-191_DR-LTR	12	0	12	0	9.51	21	221.952
Gypsy57-LTR_DR	0	12	12	0	8.242	24	652.208
hAT-N101_DR	0	12	12	0	10.179	459	236.231
hAT-N154_DR	0	12	12	646.2			
hAT-N45B_DR	0	12	12	26.93	11.86	1045	331.595
hAT-N45_DR	12	1	12	26.93	6.594	1397	336.612
Helitron-5_DR	0	12	12	0	8.079	19	2019.737
EnSpm-N44_DR	5	6	11	40.39			
ERV1-4_DR-LTR	0	11	11	0	10.756	407	217.418
ERV1-N12_DR-LTR	0	11	11	0			
Gypsy136-I_DR	11	0	11	0	6.2	11	3722.818
Gypsy-231_DR-LTR	2	9	11	107.7	11.016	61	384.82
Gypsy61-I_DR	3	8	11	26.93	10.91	10	2878.9
BEL13-I_DR	0	10	10	0	8.514	21	2121.048
EnSpm-N47B_DR	8	1	10	175.01			
Gypsy-110_DR-I	0	10	10	0	4.273	15	2130.133
hAT-N126C_DR	0	10	10	901.99	12.953	972	203.011
hAT-N96_DR	1	9	10	0	3.971	1068	755.194
L1-51_DR	0	10	10	0	16.17	238	470.466
Tx1-22_DR	0	10	10	0	11.746	281	368.27
Copia-29_DR-LTR	0	9	9	26.93			
CryptonV-N2_DR	3	6	9	26.93			
Gypsy13-I_DR	7	2	9	0	10.062	21	3677.714
hAT-20_DR	0	9	9	0	22.408	36	314.861
hAT-N145_DR	9	0	9	53.85	12.478	2170	157.678
IS3EU-2_DR	8	0	9	13.46	16.614	329	244.699
L1-108_DR	0	9	9	0	13.889	204	342.373
L1-114_DR	8	0	9	0			
L1-15_DR	0	9	9	0	20.89	217	1427.751
L1-31_DR	9	0	9	0	16.137	184	799.739
L2-1B_DR	9	0	9	148.09	13.295	6146	152.325
Sola2-N2_DR	9	0	9	0			
Tx1-26_DR	9	0	9	0	17.437	84	680
Copia-26_DR-LTR	0	8	8	26.93			
Copia-7-LTR_DR	0	8	8	13.46	13.378	465	403.978
EnSpm-2_DR	8	0	8	0	18.979	253	613.059
Gypsy147-LTR_DR	0	8	8	0	11.074	172	408.419
Gypsy38-I_DR	0	8	8	0	11.987	30	1384.6
Harbinger-N31B_DR	4	4	8	215.4			
Harbinger-N31_DR	4	4	8	1238.56			
Kolobok-1N3_DR	6	2	8	26.93	9.919	1768	464.452
KolobokN78B_DR	8	1	8	13.46	11.174	666	493.698
Kolobok-N7_DR	8	1	8	269.25	11.666	4445	382.929
Kolobok-N8_DRe	8	1	8	94.24	7.444	1250	428.226
L1-123_DR	8	0	8	26.93			
L1-4B_DR	8	0	8	94.24	5.635	72	2068.5
Mariner-N23_DRe	4	4	8	134.63			
BEL-70_DR-I	7	0	7	13.46			
Copia4-I_DR	7	0	7	0	19.735	49	493.51
DNA-N22_DR	6	1	7	471.19			
DNA-N32_DR	0	7	7	0			
DNA-TA-3_DR	4	3	7	53.85	11.738	333	474.309
DNAX-23_DR	4	4	7	0	16.126	4055	119.78
EnSpm-11_DR	0	7	7	0	23.259	971	290.595
Gypsy-165-I_DR	0	7	7	0	10.715	79	2076.557
Gypsy-204_DR-I	0	7	7	0	11.086	14	770.286
Gypsy-23-I_DR	0	7	7	0	18.5	10	1878.8
Gypsy84-I_DR	0	7	7	0	5.146	61	926.393
hAT-N178B_DR	0	7	7	336.56			
hAT-N178_DR	0	7	7	363.49			
hAT-N202_DR	4	3	7	228.86			
Mariner-N43_DR	0	7	7	0			
piggyBac-N10_DR	0	7	7	0	12.37	47	297.447
Tx1-16_DR	1	7	7	861.6	15.421	116	585.914
BHIKHARI-3-I_DR	0	6	6	0	11.763	24	1237.917
Copia-19_DR-LTR	0	6	6	0			
Copia3-I_DR	0	6	6	0	1.983	6	4126.167
DNA-5-1B_DR	0	6	6	67.31	13.981	1203	343.478
DNA-N39_DR	0	6	6	26.93			
EnSpm-10_DR	0	5	6	13.46	16.895	1284	197.721
EnSpm-N40B_DR	0	6	6	13.46			
Gypsy157-LTR_DR	0	6	6	0	12.968	25	277.12
Gypsy51-I_DR	2	4	6	0	4.078	9	2715.778
hAT-21_DR	0	6	6	0	17.658	26	503.923
hAT-N175_DR	6	0	6	80.78			
hAT-N47B_DR	3	3	6	134.63	12.435	2938	216.469
hATN96B_DR	0	6	6	13.46	4.686	118	597.89
L1-59_DR	1	5	6	2019.39	11.03	122	1264.533
L1-85_DR	6	0	6	0	12.572	258	371.566
L2-46_DR	0	6	6	13.46	11.967	496	298.089
Rex1-28_DRe	6	0	6	13.46	10.824	205	510.522
TDR8B	3	3	6	1588.58	11.601	6421	256.808
BEL18-I_DR	0	5	5	0	7.04	10	4065.5
EnSpm-20_DR	5	0	5	26.93			
Gypsy124-I_DR	5	0	5	0	13.527	40	1671.65
Gypsy147-I_DR	3	2	5	0	4.26	10	4314.5
Gypsy-18-LTR_DR	5	0	5	0	11.258	33	688.394
Gypsy-196_DR-I	0	5	5	0	8.733	6	3088.833
Gypsy-198_DR-I	0	5	5	67.31	14.25	8	2267.875
Gypsy49-I_DR	5	0	5	0	16.191	54	1807.111
Gypsy82-I_Dr	0	5	5	0	0.633	12	3996.917
Harbinger-8_DR	2	3	5	13.46	18.858	168	114.44
hATN4B_DR	3	2	5	3123.32	7.846	854	160.622
Mariner-N26_DRe	5	0	5	121.16			
DNA-8-17_DR	0	4	4	40.39	8.212	245	623.102
DNA-N43_DR	0	4	4	3621.43			
EnSpm-8_DR	3	0	4	188.48	21.358	3452	68.938
EnSpm-N59_DR	4	0	4	753.9			
ERV1-1B_DR-LTR	4	0	4	0	11.17	111	424.802
ERV1-1C_DR-LTR	4	0	4	0	10.713	55	320.091
ERV1-N4-I_DR	4	0	4	0	10.156	34	1461.588
ERV5_DR_LTR	4	0	4	0	4.792	24	427.792
Gypsy4-LTR_DR	0	4	4	0	5.097	30	610.5
Gypsy53-I_DR	0	4	4	0	8.338	16	2465.562
Harbinger-N27_DR	0	4	4	13.46			
Harbinger-N28_DR	0	4	4	80.78			
Harbinger-N32_DR	0	4	4	282.71			
hAT-N74_DR	4	0	4	13.46	9.334	810	394.541
L1-95_DR	4	0	4	0	13.425	203	381.542
LTR-18_DR-LTR	0	4	4	0			
Mariner-15_DR	4	0	4	0			
Mariner-N22_DRe	0	4	4	0			
Mariner-N34_DR	4	0	4	0			
Nimb-2_DR	3	1	4	67.31	16.4	129	693.109
Tx1-19_DR	4	0	4	13.46	16.725	367	470.692
BEL14-I_DR	0	3	3	0	10.362	8	3235.75
BEL27-I_DR	0	3	3	0	0.977	13	6123.154
BEL-44_DRe-I	0	2	3	0	7.358	26	949.846
Copia-16_DR-I	3	0	3	0	25.497	148	392.966
Copia-29_DR-I	3	0	3	0			
DIRS-4N2-LTR_DR	0	3	3	578.89	13.434	641	246.643
DNA8-28_DR	3	0	3	26.93			
DNA-N4_DR	2	1	3	1803.98	9.724	2611	357.752
EnSpm-9_DR	3	0	3	471.19	18.495	1864	115.067
EnSpm-N31_DR	3	0	3	13.46			
EnSpm-N42B_DR	3	0	3	13.46			
ERV1-N1C_DR-LTR	0	3	3	80.78			
Gypsy-115-LTR_DR	3	0	3	13.46	12.192	274	296.478
Gypsy12-LTR_DR	3	0	3	0	5.68	20	822.35
Gypsy-196_DR-LTR	0	3	3	0	11.147	38	657.842
Gypsy71-I_DR	3	0	3	6838.99	3.4	6	4315.333
Gypsy74-I_DR	0	3	3	0	3.3	6	3581.5
Gypsy75-I_DR	0	3	3	0	7.25	6	4490.333
Gypsy85-I_DR	0	3	3	0	20.72	15	1401.867
hAT-N180_DR	3	0	3	376.95			
hAT-N47C_DR	0	3	3	1453.96			
Kolobok-N2B_DR	1	2	3	242.33	13.949	2517	347.747
L1-22_DR	0	3	3	0	12.69	80	588.125
L1-98_DR	3	0	3	26.93	14.217	323	303.932
L1-99_DR	0	3	3	26.93	11.53	54	293.907
LTR-11_DR-I	0	3	3	255.79	5.823	1798	41.376
SAT-26_DR	2	1	3	13.46			
Tx1-18_DR	3	0	3	417.34	14.108	120	537.292
Zisupton-2_DR	3	0	3	26.93	22.574	1500	115.456
BEL11-I_DR	0	2	2	0	19.517	24	2224.917
BEL-43_DRe-I	0	1	2	0	12.375	40	3011.875
BEL-59_DRe-I	0	2	2	0	3.75	20	4090
Copia-14_DR-I	0	2	2	0	17.101	148	341.176
Copia-20_DR-I	0	2	2	0			
Copia-25_DR-I	0	2	2	0			
Dada-U6_DR	2	0	2	0	13.739	262	221.714
DNA-2-21_DR	0	2	2	0	10.689	835	431.863
DNA-8-23_DR	2	0	2	121.16	14.65	2014	154.564
DNA8-27B_DR	2	0	2	767.37			
EnSpm-N18_DR	0	2	2	0	20.02	323	351.502
EnSpm-N34_DR	0	2	2	376.95			
Gypsy101B-LTR_DR	0	2	2	13.46	17.27	46	269.913
Gypsy148-I_DR	2	0	2	0	13.665	34	1923.706
Gypsy161-LTR_DR	2	0	2	0	10.105	342	370.114
Gypsy71-LTR_DR	0	2	2	0	6.695	37	520.973
Gypsy91-LTR_DR	0	2	2	0	13.696	198	224.616
Harbinger-4_DR	0	2	2	0	20.371	1026	197.189
hAT-N142B_DR	0	2	2	67.31			
hAT-N174_DR	2	0	2	40.39			
hAT-N179_DR	0	2	2	323.1			
hAT-N185B_DR	0	2	2	67.31			
hAT-N185C_DR	0	2	2	0			
hATN-28_DRe	2	0	2	2840.6	12.833	2848	156.699
Kolobok-2_DR	1	1	2	0	16.602	944	135.576
L1-135_DR	2	0	2	0			
L1-27_DR	2	0	2	0	11.757	295	629.814
L1-66_DR	0	2	2	0	18.248	196	551.929
Mariner-14_DR	2	0	2	0			
Mariner-2_DR	0	2	2	0	12.986	312	362.737
P-N2_DR	0	2	2	457.73			
Polinton-1N1_DR	1	1	2	121.16	14.135	2217	386.99
Tc1-7_DR	2	0	2	498.12	8.883	2476	433.775
Tx1-14_DR	0	1	2	376.95	16.435	289	484.308
TZF28C	0	2	2	80.78	11.561	1755	354.456
BEL15-I_DR	0	1	1	0	7.967	12	1779
BEL-16_DR-I	0	1	1	0	2.3	3	4316.333
BEL19-I_DR	0	1	1	0	10.5	9	3918.889
BEL20-I_DR	0	1	1	0	14.881	16	2433.562
BEL2-I_DR	0	1	1	0	1	3	4876
BEL-49_DRe-LTR	0	1	1	0	20.013	91	139.89
BEL-52_DRe-I	0	1	1	0	5.325	12	3618.917
BEL-53_DRe-I	0	1	1	0	12.65	2	1516
BEL-54_DRe-I	0	1	1	0	12.018	11	3370.818
BEL-57_DRe-I	0	1	1	0	12.46	10	1897.5
BEL-62_DRe-I	0	1	1	0	7.256	16	3407.938
BEL-62_DRe-LTR	0	1	1	13.46	5.52	51	417.451
BEL-65_DRe-I	1	0	1	0	26.468	25	1835.76
BEL-73_DR-I	0	1	1	0			
BEL7-I_DR	0	1	1	0	5.538	8	4476.75
BEL9-I_DR	0	1	1	0	12.288	17	1672.647
Copia-14_DR-LTR	1	0	1	53.85	15.151	101	204.802
CR1-44_DR	0	1	1	0	10.418	470	290.581
Crack-1_DR	0	1	1	0	10.485	330	387.703
DNA-5-1_DR	0	1	1	67.31	12.484	2501	322.619
DNA6-10_DR	0	0	1	13.46	16.995	1421	256.527
DNA6-4_DR	1	0	1	188.48	11.552	270	508.189
DNA-6-N5B_DR	1	0	1	134.63			
DNA-8-29_DR	1	0	1	53.85	11.974	1418	173.35
DNA9-6_DR	1	0	1	26.93	14.578	1618	110.553
DNA9-N1_DR	0	0	1	134.63			
DNA-CCGG-1_DR	0	0	1	13.46	10.063	187	590.316
DNA-N31_DR	1	0	1	67.31			
DNA-N36_DR	1	0	1	13.46			
DNA-TA-5_DR	0	1	1	376.95	13.286	2459	238.376
DNA-X-4B_DR	0	1	1	121.16	7.088	1566	251.327
DNA-X-4_DR	0	1	1	511.58	11.532	11040	341.832
EnSpm-10N1_DR	0	0	1	13.46	17.769	662	201.548
EnSpm-N41_DR	0	1	1	0			
ERV1-7_DR-I	1	0	1	26.93	12.584	982	73.891
Gypsy-111_DR-LTR	0	1	1	0	2.6	21	106.333
Gypsy-129_DR-I	0	1	1	0	11.21	20	2538.6
Gypsy135-LTR_DR	1	0	1	0	13.73	102	477.882
Gypsy164-I_DR	0	1	1	0	18.568	19	451.105
Gypsy-18-I_DR	0	1	1	0	21.383	6	2729
Gypsy-225_DR-LTR	1	0	1	67.31	12.053	102	280.706
Gypsy-244_DR-LTR	1	0	1	26.93			
Gypsy-30-I_DR	0	1	1	0	20.188	24	1401.167
Gypsy77-I_DR	1	0	1	969.31	15.522	103	663.515
Gypsy82-LTR_Dr	1	0	1	1898.22	14.909	277	185.386
Gypsy86-I_DR	1	0	1	888.53	13.806	17	1315.176
Gypsy8-LTR_DR	0	1	1	0	9.31	89	647.551
Gypsy90-I_DR	0	1	1	0	17.133	73	1265.342
Harbinger-N29B_DR	0	1	1	134.63			
hAT-N102_DR	1	0	1	67.31	13.077	1448	256.124
hAT-N167B_DR	0	0	1	242.33			
hAT-N182_DR	1	0	1	350.03			
hAT-N4C_DR	1	0	1	16397.42			
hAT-N77_DR	1	0	1	40.39	7.983	247	408.413
hAT-N99_DR	0	1	1	0	14.953	167	150.054
I-3_DR	0	1	1	0	15.029	1290	373.324
IS3EU-3_DR	0	1	1	13.46	22.528	541	165.506
Kolobok-N7B_DR	0	1	1	0	15.496	1001	175.693
L1-130_DR	0	0	1	0			
L1-16_DR	1	0	1	0	13.278	243	404.963
L1-24_DR	0	0	1	0	14.086	43	1722.256
L1-39_DR	1	0	1	1480.88	14.651	180	519.228
L1-53_DR	0	1	1	1009.69	12.327	1272	190.3
L1-62_DR	0	1	1	13.46	12.557	289	281.36
L1-86_DR	1	0	1	0	12.498	183	538.219
L2-14_DRe	1	0	1	255.79	14.271	727	354.703
LRS-2_DR	0	1	1	0	18.404	45	1120.978
LTR-6_DR	1	0	1	67.31	8.974	647	421.45
Mariner-13_DR	0	1	1	0			
Mariner-N21_DR	1	0	1	26.93	14.148	660	233.218
Mariner-N28_DR	1	0	1	0			
RTEX-1_DR	1	0	1	0	11.662	318	454.928
SAT-7_DR	0	1	1	150457.73	18.05	293	148.055
TDR19C	0	1	1	37506.73			
TE-X-1B_DR	0	1	1	107.7	12.231	2478	312.694
Tx1-10_DR	1	0	1	13.46	19.27	159	744.239
Tx1-11_DR	1	0	1	417.34	12.838	524	533.786
Tx1-13_DR	1	0	1	0	11.703	232	452.392
Tx1-38_DR	0	1	1	0	11.704	138	540.855
Tx1-49_DR	0	1	1	0	7.641	44	1216.386
Tx1-4_DR	1	0	1	1023.16	11.548	295	724.034
Tx1-52_DR	0	1	1	0			
Tx1-56_DR	1	0	1	0			
Tx1-5_DR	1	0	1	1763.6	12.613	230	633.739
Tx1-7_DR	1	0	1	901.99	12.81	169	600.361
Tx1-8_DR	1	0	1	255.79	13.613	149	704.564
Academ-1_DR	0	0	0	0			
ACROBAT2	0	0	0	417.34	9.039	343	298.869
BEL12-I_DR	0	0	0	13.46	10.854	26	1643.308
DNA-2-34_DR	0	0	0	0	12.181	221	314.688
DNA-4-5_DR	0	0	0	255.79	6.563	747	465.39
DNA-N16B_DR	0	0	0	175.01			
DNA-N33_DR	0	0	0	0			
DNA-N35_DR	0	0	0	282.71			
DNA-X-17_DR	0	0	0	67.31	20.89	823	144.208
EnSpm-14N1_DR	0	0	0	0	12.458	31	812.194
EnSpm-4N2_DR	0	0	0	0	13.75	115	750.148
EnSpm-N20_DR	0	0	0	0	16.81	112	438.598
EnSpm-N25_DR	0	0	0	26.93			
EnSpm-N38_DR	0	0	0	26.93			
EnSpm-N43_DR	0	0	0	13.46			
EnSpm-N46_DR	0	0	0	350.03			
EnSpm-N62_DR	0	0	0	0			
Gypsy123-I_DR	0	0	0	80.78			
Gypsy-131_DR-I	0	0	0	67.31	17.072	58	856.466
Gypsy-14-I_DR	0	0	0	0	8.764	11	5089.364
Gypsy156-I_DR	0	0	0	0	4.64	5	3758.4
Gypsy158-I_DR	0	0	0	0	16.321	24	1134.208
Gypsy-15-LTR_DR	0	0	0	0	2.753	34	1412.529
Gypsy-162_DR-I	0	0	0	0	3.66	5	2448.4
Gypsy-16-I_DR	0	0	0	0	8.371	41	4098.439
Gypsy-175_DR-I	0	0	0	0	13.831	13	1180
Gypsy-189_DR-I	0	0	0	53.85	13.884	45	1459.689
Gypsy-190_DR-I	0	0	0	0	17.376	21	1090.143
Gypsy-199_DR-LTR	0	0	0	67.31	21.51	547	289.4
Gypsy-214_DR-I	0	0	0	0	26.257	79	500.266
Gypsy-22-I_DR	0	0	0	0	9.206	18	3015.222
Gypsy-233_DR-LTR	0	0	0	0	12.091	57	380.579
Gypsy-235_DR-LTR	0	0	0	40.39			
Gypsy-25-I_DR	0	0	0	0	15.253	19	1550.632
Gypsy-27-I_DR	0	0	0	0	13.825	16	2269.188
Gypsy-31-LTR_DR	0	0	0	2409.8	15.442	1023	114.459
Gypsy-32-LTR_DR	0	0	0	0	18.5	148	388.615
Gypsy-34-LTR_Dr	0	0	0	121.16	8.949	145	374.524
Gypsy54-I_DR	0	0	0	0	10.692	12	2959.5
Gypsy60-I_DR	0	0	0	0	3.66	5	3698
Gypsy63-LTR_DR	0	0	0	0	10.898	48	560.938
Gypsy68-I_DR	0	0	0	0	9.017	18	1527.167
Gypsy84-LTR_DR	0	0	0	0	5.497	67	317.881
Gypsy87-I_DR	0	0	0	0	17.755	33	1477.061
Gypsy8-I_DR	0	0	0	0	14.305	41	2337.341
Harbinger-6_DR	0	0	0	1494.35	13.8	3	1486
Harbinger-N25_DR	0	0	0	269.25			
hAT-13_DR	0	0	0	0	12.583	394	72.449
hAT-33N1_DR	0	0	0	175.01			
hAT-N103_DR	0	0	0	0	18.352	787	126.727
HATN10B_DR	0	0	0	1063.54			
hAT-N111_DR	0	0	0	0	16.035	1101	143.619
HATN11B_DR	0	0	0	1682.82	12.346	3326	164.221
hAT-N130_DR	0	0	0	538.5	14.576	3717	225.601
hAT-N131_DR	0	0	0	942.38	12.8	1907	170.623
hAT-N138_DR	0	0	0	40.39	15.916	2053	200.906
hAT-N139_DR	0	0	0	40.39	11.647	567	311.855
hAT-N141_DR	0	0	0	24138.4	10.125	6114	152.973
hAT-N162_DR	0	0	0	53.85			
hAT-N186_DR	0	0	0	121.16			
hAT-N191_DR	0	0	0	0			
hAT-N32_DR	0	0	0	390.41	8.122	3142	343.649
hAT-N32E_DR	0	0	0	94.24	13.96	1344	297.048
hAT-N50B_DR	0	0	0	780.83	13.28	2744	270.99
hAT-N50_DR	0	0	0	982.77	12.146	2242	255.908
hAT-N56_DR	0	0	0	40.39	7.322	1115	520.173
hAT-N69_DR	0	0	0	26.93	13.356	1747	304.638
hAT-N92_DR	0	0	0	40.39	12.867	2921	245.801
Helitron-3_DR	0	0	0	0	9.446	13	4428.846
IS3EU-4N_DR	0	0	0	53.85	12.052	609	494.69
L1-100_DR	0	0	0	13.46	13.07	179	228.693
L1-103_DR	0	0	0	0	12.703	178	350.129
L1-115_DR	0	0	0	13.46			
L1-117_DR	0	0	0	0			
L1-120_DR	0	0	0	0			
L1-125_DR	0	0	0	0			
L1-134_DR	0	0	0	0			
L1-137_DR	0	0	0	0			
L1-13_DR	0	0	0	296.18	11.964	160	616.2
L1-18_DR	0	0	0	53.85	11.726	208	541.01
L1-23_DR	0	0	0	228.86	13.823	138	748.833
L1-25_DR	0	0	0	13.46	14.239	327	479.33
L1-32_DR	0	0	0	13.46	14.129	291	567.656
L1-33_DR	0	0	0	0	22.8	293	591.119
L1-37_DR	0	0	0	0	15.042	357	420.574
L1-44_DR	0	0	0	0	13.878	336	420.223
L1-46_DR	0	0	0	0	15.102	258	373.938
L1-47_DR	0	0	0	0	11.221	284	380.887
L1-48_DR	0	0	0	13.46	15.445	287	255.676
L1-67_DR	0	0	0	0	19.451	597	254.363
L1-68_DR	0	0	0	592.35	15.647	250	424.992
L1-69_DR	0	0	0	121.16	14.609	469	388.181
L1-70_DR	0	0	0	13.46	13.087	262	345.87
L1-73_DR	0	0	0	13.46	12.111	188	297.463
L1-74_DR	0	0	0	323.1	16.01	214	600.523
L1-79_DR	0	0	0	0	14.805	133	628.444
L1-81_DR	0	0	0	13.46	13.138	146	390.164
L1-82_DR	0	0	0	0	17.465	302	405.586
L1-84_DR	0	0	0	0	16.19	250	469.532
L2-36_DRe	0	0	0	53.85	10.83	251	367.307
Mariner-N10_DR	0	0	0	0	19.33	64	598.062
Mariner-N30_DR	0	0	0	0			
Nimb-12_DR	0	0	0	20422.72	14.969	95	618.316
Nimb-15_DR	0	0	0	0	12.155	66	763.924
Nimb-1_DR	0	0	0	0	18.221	130	397.269
Nimb-6_DR	0	0	0	0	10.858	105	723.695
Nimb-8_DR	0	0	0	67.31	17.225	87	585.23
P-1N3_DR	0	0	0	13.46	12.912	817	384.076
piggyBac-2_DR	0	0	0	40.39			
piggyBac-N20_DR	0	0	0	13.46			
Polinton-2N1_DR	0	0	0	40.39	16.699	1067	121.589
Rex1-19_DRe	0	0	0	0	12.335	265	353.77
Rex1-26_DRe	0	0	0	13.46	10.091	448	284.393
REX1-3_DR	0	0	0	0	12.278	841	290.756
Rex1-40B3_DR	0	0	0	53.85			
TC1DR3B	0	0	0	1171.24	11.251	5179	272.04
TE-X-7_DR	0	0	0	53.85	14.528	1786	125.545
Tx1-15_DR	0	0	0	0	11.542	221	314.923
Tx1-17_DR	0	0	0	175.01	12.345	320	384.553
Tx1-1_DR	0	0	0	0	14.257	65	1396.662
Tx1-23_DR	0	0	0	13.46	14.867	313	399.885
Tx1-27_DR	0	0	0	0	12.358	865	254.691
Tx1-28_DR	0	0	0	0	12.054	273	467.275
Tx1-29_DR	0	0	0	0	13.824	191	683.393
Tx1-30_DR	0	0	0	40.39	11.138	149	386.141
Tx1-31_DR	0	0	0	0	11.69	297	679.822
Tx1-36_DR	0	0	0	26.93	11.623	348	351.526
Tx1-40_DR	0	0	0	13.46	10.248	135	318.704
Tx1-42_DR	0	0	0	0	17.971	249	385.863
Tx1-51_DR	0	0	0	0			
Tx1-53_DR	0	0	0	0			
Tx1-54_DR	0	0	0	0			
Tx1-6_DR	0	0	0	121.16	14.594	245	577.461
Zisupton-1_DR	0	0	0	40.39	18.676	504	174.23
Zisupton-5_DR	0	0	0	0	10.439	279	871.892
Zisupton-N1_DR	0	0	0	53.85			
