Gene	Human1	Human2	Human3	Human4	Human5	Monkey1	Monkey2	Monkey4	Monkey5	Rabbit1	Rabbit2	Rabbit4	Rabbit5	GuineaPig1	GuineaPig2	GuineaPig3	Mouse1	Mouse2	Mouse3	Mouse4	Mouse5	Rat1	Rat2	Rat3	Rat4	Rat5	GoldenHamster1	GoldenHamster2	GoldenHamster3	GoldenHamster4	ChineseHamster1	ChineseHamster2	ChineseHamster3	ChineseHamster4	ChineseHamster5	Dog1	Dog2	Dog3	Pig1	Pig2	Pig3	Pig4	Pig5	Goat1	Goat2	Goat3	Zebrafish1	Zebrafish2	Zebrafish3
TOB1	74.91	103.61	294.1	1070.93	725.25	57.27	33.46	21.13	24.18	44.91	35.86	55.69	75.19	6.67	40.82	54.52	0	0	0	0	0	0	0	0.06	0	0	0	16.96	20.65	12.45	2.59	2.19	0	0	3.65	72.67	99.56	51	0	2.91	8.64	37.71	10.68	40.61	3.58	10.03	159.09	167.52	181.51
CNOT7	160.33	193.89	84.72	82.85	62.76	445.25	607.5	556.67	474.85	637.41	582.61	609.54	670.93	608.11	247.71	237.46	1690.22	2111.29	1472.07	1055.11	1474.4	1165.31	862.14	994.71	1110.25	1262.45	766.02	590.93	688.13	888.8	197.65	210	215.6	222.18	177.14	102.61	169.89	137.78	685.6	612.87	793.9	696.01	648.38	523.51	595.56	530.84	22.33	25.18	20.15
PAN3	101.38	103.47	78.07	148.59	116.82	18.52	32.11	27.35	31.17	425.7	481.59	458.07	347.28	27.05	14.99	8.67	102.38	61.6	45.39	49.68	88.59	111.01	108.7	87.24	125.8	106.99	84.55	93.84	135.36	79.11	25.35	25.15	22.69	24.64	22.28	7.52	15.84	6.16	27.03	33.04	46.09	30.11	37.97	73.86	78.72	97.39	38.13	48.49	48.3
CNOT2	113.22	152.53	43.72	52.02	54.62	130.54	95.79	118.63	142.72	128.66	147.25	121.65	117.62	139.62	86.1	75.17	62.19	62.89	59.24	40.67	81.92	226.8	82.42	124.85	213.63	141.86	111.52	107.14	127.08	160.03	78.71	70.46	78.61	70.48	66.91	112.96	158.95	172.06	104.15	109.64	87.14	85.12	66.2	50.17	74.65	61.71	24.2	19.96	19.48
CNOT11	39.08	53.81	61.68	87.57	96.51	54.07	43.69	58.98	52.41	0	0	0	0	2.87	32.48	33.24	18.92	7.18	26.04	15.15	7.95	8.87	17.58	35.57	11.54	4.42	0	0	0	1.08	20.26	12.33	20.44	21.19	21.02	70.4	64.87	59.99	63.63	45.09	63.43	26.64	45.71	38.04	42.77	70.44	24.56	21.45	18.84
TNRC6B	43.21	61.08	34.02	56.66	50.11	52.37	58.03	42.55	37.88	16	10.21	16.24	17.9	48.2	47.93	26.09	9.86	7.37	10.64	5.11	8.06	11.95	13.73	14.87	9.3	8.81	0.69	3.66	2.08	3.7	61.3	45	48.43	49.04	52.79	5.35	14.48	9.38	10.79	12.08	14.21	17.33	15.17	24.82	35.9	39.52	2.39	3.37	3.03
CNOT4	38.33	45.57	24.52	36.71	27.68	165.27	90.02	162.7	174.03	219.75	243.41	281.74	212.88	117.87	158.97	157.46	73.76	108.87	66.84	71.16	91.54	115.97	132.62	115.16	153.13	143.78	87.78	103.63	47.39	172.6	183.3	197.53	170.75	186.7	158.43	47.61	49.75	54.37	140.99	146.5	145.85	151.13	173.43	207.74	212.42	277.78	52.89	46.09	54.12
CNOT6	39.63	31.25	20.25	31.94	40.22	24.89	19.78	14.44	27.65	0	0.95	0.15	0.51	0	0.68	1.07	12.89	16.36	8.41	7.47	15.06	25.73	13.19	19.92	19.78	30.84	41.39	26.02	50.77	8.67	1.13	3.17	1.34	2.83	0	1.6	0	0	14.1	13.89	16.05	9.25	4.29	34.33	48.91	43.7	92.26	95.26	96.04
CNOT6L	33.01	37.55	36.14	17.08	18.17	108.71	116.16	96.66	98.09	15.85	22.38	22.32	11.35	51.52	18.61	26.21	55.18	58.79	45.62	72.75	64.08	309.77	161.7	209.53	164.54	317.45	260.25	235.66	192.5	253.89	15.65	13.82	14.29	13.06	16.1	75.11	67.72	60.04	44.66	45.75	69.85	31.37	27.81	119.94	159.75	178.06	10.36	10.11	11.75
TNRC6A	43.49	39.02	11.46	19.16	24.4	105.32	104.6	64.87	55.02	110.27	120.02	97.84	118.14	25.05	14.24	9.25	1.85	0.3	2.07	0.92	4.05	37.97	34.62	42.87	30.21	42.83	30.94	20.18	16.73	28.44	15.97	24.82	16.54	22.17	20.98	18.34	25.25	23.46	39.65	45.86	38.87	48.46	51.35	14.93	18.18	28.27	2.78	4.88	7.86
PRMT5	35.32	31.84	17.7	27.32	22.25	23.97	24.79	15.75	33.38	83.14	65.62	121.77	133.36	53.67	52.95	36.83	9.74	4.98	18.26	3.38	10.18	24.33	21.09	32.16	20.45	12.94	599.53	584.62	633.66	625.4	59.33	56.82	47.05	63.56	62.41	4.18	8.62	9.09	15.17	13.04	12.77	40.3	30.21	12.23	5.85	17.39	41.33	47.24	46.89
CNOT3	51.03	36.99	0.64	0.44	0.11	10.96	0	4.69	2	6.77	2.81	6.81	10.41	51.44	38.4	23.53	54.97	21.11	81.84	33.45	20.99	60.58	43.27	31.61	22.78	51.85	49.45	24.85	71.04	29.74	10.98	5.67	17.72	11.8	9.48	0	0.29	0.66	0.72	0.3	1.1	1.28	0	9.82	12.84	27.97	21.83	17.42	19.1
PARN	6.48	12.24	14.41	24.44	25.89	33.65	33.84	18.66	30.4	19.29	15.01	13.86	20.45	21.37	48	36.52	15.22	40	11.85	18.01	13.09	29.07	12.62	5.1	10.68	11.46	49.41	0	0	16.68	22.48	25.21	29.31	19.65	19.54	5.86	5.1	3.84	8.39	10.43	14.73	20.75	8.87	101.68	80.89	102.95	740.96	844.38	855.28
DROSHA	20.17	20.01	7.91	18.26	13.53	64.09	55.45	70.12	48.42	13.63	20.84	12.09	8.52	75.1	37.98	37.1	4.18	1.49	3.87	2.55	3.71	9.34	12.37	9.61	17.54	20.19	10.79	3.7	1.08	26.61	204.68	203.14	197.29	194.76	187.04	0	0	0	4.4	2.42	5.89	3.6	7.16	48.33	56.4	57.14	113.77	114.84	110.89
CNOT10	8.65	9.29	23.41	15.04	20.96	26.41	29.81	12.42	10.26	6.75	5.68	7.33	9.43	22.42	243.83	226.82	0.19	5.16	0	0.08	0	61.93	38.04	49.86	37.29	31.11	7.32	13.95	0	9.95	178.8	117.87	203.81	154.08	173.47	2.52	3.67	3	10.09	3.09	27.9	13.94	2.74	260.71	253.78	224.27	49.65	61.74	49.02
PAN2	13.43	23.79	5.27	7.04	5.37	5.85	5.7	13.66	17.1	156.3	133.44	130.32	155.49	2.15	2.36	4.51	57.2	81.32	25.89	51.33	65.94	15.04	12.44	24.64	31.57	17.1	84.53	63.52	67.2	63.13	57.36	58.16	66.87	61.57	55.1	0.13	0.72	0.9	27.38	30.6	37.51	38.63	31.17	1.74	3.99	6.01	10.43	7	12.38
CNOT1	5.21	3.86	9.45	17.5	13.89	17.26	10.6	18.46	12.71	72.47	60.58	56.51	48.94	11.84	58.93	40.15	6.76	6.87	3.31	1.73	7.07	41.27	19.12	22.7	25.65	35.67	12.43	11.38	2.58	23.01	100.65	89.15	83.84	84.1	89.9	0.07	2.57	0.89	19.13	20.83	25.81	12.3	10.08	10.78	22.3	16.59	10.53	13.21	13.94
AGO2	11.45	14.42	6.3	7.27	7.38	7.72	7.47	5.8	4.12	0	0	0	0.82	2.84	0.39	1.46	10.26	4.55	2.29	4.32	6.84	1.9	0	0	0	0	1.36	0.57	0	0	12.56	10.48	12.44	13.94	12.74	8.97	23.02	13.64	2.05	2.68	7.64	5.23	4.41	8.54	18.87	27.16	81.75	82.59	87.06
TARBP2	0	3.84	9.79	8.09	10.61	0.83	0	0	0	1.41	0	0	0	6	108.8	83.14	1.41	5.85	7.72	6.1	2.11	0	0	0	0	0	0	0	0	0	113.31	138.56	137.64	126.97	140.58	0	4.79	0	0	0	0	1.9	0	1.04	0	1.08	217.14	246.32	263.52
DICER1	7.66	9.69	2.93	3.92	5.57	27.58	24.67	24.98	30.31	0.64	0.86	0.19	0	0	1.35	2.44	68.95	91.2	51.85	58.73	63.23	93.52	62.56	87	69.29	66.63	9.77	9.03	12.59	4.61	2.39	2.43	1.53	1.99	2.54	2.59	1.69	2.96	3.08	7.09	4.36	3.42	1.9	41.25	46.75	66.42	12.74	17.64	17.98
XPO5	1.74	0.79	4.15	5.34	8.72	3.66	1.05	3.01	0	5.25	2.89	3.25	7.4	2.73	32.18	18.42	0.71	2.36	1.71	0.98	0	1.58	0	0	0	0	1	0	1.55	10.88	49.36	44.19	45.6	54.42	50.76	1.5	1.2	0.28	11.78	10.04	17.51	15.8	8.86	6.07	7.73	11.15	15.78	12.83	15.69
AGO3	4.89	6.38	2.35	0.64	0.27	0.8	2.13	5.09	0	1.83	0.93	1.73	1.6	9.41	0.82	0.86	61.93	75.83	53.06	51.82	34.78	1.84	0	0	0.65	0.97	3.18	2.88	0	8.37	2.06	0.96	1.24	1.78	0.33	2.86	6.17	2.23	0.9	0.7	0.52	0.45	0.36	1.15	0.15	0.9	36.47	41.78	39.4
DGCR8	0.88	0.58	4.79	2.68	5.11	0.59	0.98	0	0.9	1.08	4.24	2.58	2.28	5.1	30.92	32.02	2.15	1.26	0.71	1.59	0	1.12	3.66	1.17	0	0	4.4	0	0	4.81	0	0	0	0	0	0	0	0	1.54	0.71	0	4.1	0.85	1.15	0.37	3.89	74.43	93.4	83.82
AGO1	1	1.86	2.66	2.45	2.7	0	8.12	2.47	6.18	3.72	8.76	4.71	4	1.67	4.1	2.64	0	0	0	0	0	7.19	12.12	8.47	4.92	8.39	0	0	0	0.97	4.08	6.11	4.34	6.14	3.84	0	0	0	3.17	4.54	1.9	5.51	4.29	4.85	6.13	6.25	16.42	16.49	18.53
TNRC6C	0.22	0.5	0.6	0.13	0.92	2.18	0	1.28	0	0	0	0	0	0.07	6.57	4.91	1.17	3.21	1.89	2.17	2.62	7.6	7.73	5.06	4.09	4.21	20.76	22.69	26.37	22.6	9.48	8.9	8.81	9.77	9.58	2.73	2.16	2.52	0	0	0	0	0	3.23	2.32	1.43	1.04	1.64	1.25
AGO4	0	0	0	0.35	0	0	0	0	0	0	0.94	3.16	0	0	0	0	0	0	0	0	0	0	0	0	0	0	0	0	0	0	0	2.09	2	1.61	1.55	0	0	0	0	0	0	0	0.78	0.38	0	0	111.45	112.92	147.38
BTG2	0	0	0	0	0	12.83	34.93	1.92	13.45	0	0	0	0.57	26.95	36.28	29.22	8.14	18.6	3.14	7.19	6.14	9.98	9.65	0	7.99	3.15	0	0	5.77	6.77	3.74	1.38	6.34	0	3.96	0	2.53	1.59	4.02	3.05	4.62	7.68	6.84	56.55	119.54	190.66	321.38	345.38	258.92

