Name	sense	antisense	total	RNAseq	div	copies	length
LTR6I_Cpo	33	648053	648086	2.7	27.228	11380	196.582
ERV2-4_CPo-I	287234	21440	308675	456.37	6.778	347	963.115
L1-3_Cpo	52886	135382	188268	6778.07	18.855	16547	45.254
LTR13_Cpo	106205	58087	164292	156252.03	10.649	6716	714.765
LTR13_Cpo	115719	40889	156607	2946.16	17.657	5415	670.405
ERV2-4_CPo-LTR	246	151541	151787	637.3	4.681	767	296.892
LTR13_Cpo	56107	91521	147628	3848.11	14.665	3197	705.541
LTR13_Cpo	99210	34662	133872	198259.85	10.897	295	328.332
LTR13_Cpo	70651	40047	110698	348.35	15.902	263	124.624
HAL1-4A_Cpo	4849	93283	98132	183.63	11.322	5046	545.475
LTR6I_Cpo	76011	526	76537	24.3	12.242	432	230.035
LTR13_Cpo	42272	23718	65990	1136.88	19.178	6145	477.441
L1-1H_Cpo	117	61891	62008	191.73	14.075	1253	531.553
L1-1C_Cpo	22258	30503	52762	62.11	18.577	13905	138.363
5S	47965	478	48443	985.66	12.49	906	70.543
HAL1-3B_Cpo	4883	40625	45508	11741.45	7.73	791	222.209
ERVL-B4-int	27835	14137	41972	5.4	27.372	3729	529.155
LTR13_Cpo	15410	22822	38231	1055.87	17.728	1199	344.706
ERVL-B4-int	18115	19518	37633	13.5	26.181	3152	484.188
L1-1E_Cpo	1475	35716	37191	2.7	25.302	3847	320.832
Tigger19b	912	32735	33647	70.21	15.883	3923	476.548
L1-2_Cpo	12218	20808	33027	21.6	10.958	7716	1505.698
L1-2B_Cpo	14307	18675	32982	51.31	17.169	24397	831.953
MLT1F-int	31002	444	31446	78.31	19.474	1107	326.253
LTR12B_Cpo	28319	697	29016	108.02	15.232	710	349.61
LTR8_Cpo	137	26875	27011	105.32	19.971	6190	108.606
ERV1NA-CPo_I-int	17	26941	26958	62.11	18.688	621	335.918
L1-1A_Cpo	15210	10802	26012	118.82	9.196	11831	2136.167
L1-1_Cpo	3801	22107	25908	5.4	19.676	3904	374.866
L1-2A_Cpo	16154	9485	25639	62.11	14.703	6209	1495.99
5S	3	24704	24707	5.4	23.901	3649	260.903
L1-2B_Cpo	7062	17496	24558	108.02	17.787	7448	376.877
L1-2B_Cpo	15640	7552	23192	37.81	20.371	817	118.563
rnd-1_family-278	21962	2	21964	167.43	21.974	337	94.202
ERVL-B4-int	586	20577	21163	8.1	21.082	832	84.48
CAVID2E	18998	1436	20435	2549.2	14.778	1003	62.255
L1-1H_Cpo	5028	14708	19736	286.25	14.579	67217	75.788
ERV2-4_CPo-I	4407	14177	18585	83.71	14.33	1319	1034.472
L1-1H_Cpo	4198	13931	18130	105.32	9.585	12347	1828.341
ERV3-1_CPo-I	16968	874	17843	132.32	12.284	1189	1261.466
LTR12_Cpo	4821	12783	17604	137.72	9.886	444	703.995
L1-1C_Cpo	9009	8273	17282	32.41	17.351	1081	1309.596
L1-1E_Cpo	8465	8802	17267	48.61	6.611	5297	2138.99
L1-2_Cpo	1421	15441	16862	2.7	22.33	8502	423.204
L1-1D_Cpo	7509	9321	16830	99.92	7.12	3094	2591.926
L1-1B_Cpo	5749	10665	16414	48.61	10.036	3836	1614.803
L1-1A_Cpo	358	16024	16382	32.41	11.113	393	101.524
L1-1A_Cpo	1911	14461	16372	59.41	20.556	8124	110.376
L1-1A_Cpo	4931	10844	15774	8.1	22.51	2926	535.107
L1-1B_Cpo	7646	8085	15731	40.51	18.531	16294	629.007
LTR13_Cpo	13521	1175	14696	2249.45	14.971	7	68.429
L1-4_Cpo	6012	8268	14280	70.21	16.408	19447	976.98
MER52-int	13892	281	14174	2.7	22.296	288	502.802
L1-1B_Cpo	3047	10434	13481	5.4	22.271	3840	572.689
L1-4A_Cpo	3014	10198	13212	83.71	12.35	6026	1372.784
LTR12D_Cpo	5158	7999	13158	191.73	6.767	1153	963.86
rnd-6_family-750	21	13036	13057	0	26.708	328	282.137
L1-4_Cpo	3719	9286	13005	16.2	19.496	183	156.454
ERV1A-CPo_I-int	109	12575	12684	75.61	13.804	1688	584.361
L1-1_Cpo	3536	9096	12632	89.11	4.818	4868	2791.927
L1-1C_Cpo	3619	8800	12419	35.11	16.505	1712	257.439
L1-1C_Cpo	3020	8968	11988	91.81	2.245	5507	2757.177
L1-3_Cpo	2413	9526	11939	118.82	17.993	36088	831.86
L1-1_Cpo	8840	2910	11751	37.81	4.709	950	1067.892
L1-1D_Cpo	2911	8502	11413	5.4	21.995	2282	263.672
L1-1C_Cpo	2949	8410	11359	16.2	15.621	234	713.513
L1-1B_Cpo	2420	8916	11336	29.7	18.693	28	124.643
L1-1F_Cpo	2810	8499	11309	51.31	10.802	1998	1431.49
L1-1C_Cpo	2884	8411	11294	29.7	11.235	567	2408.66
L1MDa	2769	8336	11106	27	20.059	1050	206.389
L1-4A_Cpo	4517	6538	11055	2.7	23.139	5511	318.007
MER52-int	32	10977	11010	18.9	16.382	616	391.344
LTR11_Cpo	70	10838	10908	27	12.334	914	343.138
LTR11_Cpo	10825	5	10830	10.8	14.936	481	330.79
LTR11_Cpo	10806	24	10830	10.8	12.749	45	244.844
LTR12D_Cpo	691	10023	10713	37.81	16.484	109	365.817
L1-3_Cpo	9059	1522	10581	218.73	21.415	16130	123.063
LTR13_Cpo	2313	8235	10548	164.73	27.46	5	122
LTR11_Cpo	10271	3	10274	48.61	11.07	653	209.09
LTR12_Cpo	9787	6	9793	83.71	13.932	304	245.849
CAVID	54	9591	9645	510.38	13.661	581	128.621
L1-1G_Cpo	2590	6855	9445	16.2	17.94	2431	860.495
L1M3	5521	3748	9269	70.21	15.155	2543	657.339
HAL1-4A_Cpo	3657	5460	9117	143.12	16.02	2714	348.563
ERV2-3_CPo-I	3476	5124	8600	534.68	11.56	1577	1127.196
Tigger6	8127	426	8553	0	16.476	585	207.479
L1M2	5546	3000	8546	148.52	21.096	11942	393.908
ERV2-3_CPo-I	3442	4964	8406	216.03	4.979	1581	2338.028
L1-4_Cpo	778	7310	8088	10.8	22.341	1909	250.651
L1-1E_Cpo	2415	5539	7954	226.84	7.307	1169	407.393
MLT1F2	65	7822	7887	43.21	21.818	8852	136.331
OldhAT1	646	7217	7863	1277.3	5.316	290	416.459
LTR5B_Cpo	5190	2330	7520	175.53	13.252	2914	312.416
LTR5B_Cpo	5212	2226	7438	410.46	15.786	9090	328.313
LTR13_Cpo	6995	308	7303	280.84	22.962	2314	183.348
rnd-1_family-276	51	6921	6972	224.14	24.211	650	119.432
ERV2-3c_CPo-I	4879	2001	6881	91.81	8.678	491	593.923
STRIDE_Cpo	6759	13	6771	623.8	23.048	30245	75.105
STRIDE_Cpo	6758	12	6770	669.71	19.044	179	78.034
HAL1-4A_Cpo	45	6010	6055	955.95	16.82	8660	508.115
LTR6E_Cpo	4418	936	5354	1247.6	7.588	1104	286.563
L1-3A_Cpo	4821	76	4897	2.7	24.75	3764	90.488
MARNA	4481	391	4872	189.03	23.778	4990	263.578
MER63C	3380	1357	4737	27	22.181	1839	148.883
L1M4	3227	1429	4656	10.8	17.894	1690	192.93
MTE-int	2515	1773	4288	348.35	17.144	5785	729.233
L1-4_Cpo	985	3261	4246	40.51	20.885	3646	284.239
MER52-int	11	4220	4231	10.8	18.577	759	474.316
HAL1-2C_Cpo	869	3261	4130	14963.06	20.417	1658	1139.7
CAVID2B1	4015	95	4110	2700.43	16.302	14178	78.526
HAL1-4A_Cpo	2772	1319	4090	367.26	15.792	4390	341.774
ERV1A-CPo_I-int	28	4061	4089	94.51	15.203	3682	584.361
B4	3605	456	4061	2.7	5.716	2433	9250.644
L1-3_Cpo	414	3544	3958	367.26	20.883	6688	247.592
L1-4_Cpo	2019	1867	3886	8.1	14.748	23	92.652
L1-2_Cpo	2109	1769	3878	18.9	22.933	6290	166.767
HAL1-3B_Cpo	268	3584	3852	802.03	9.533	4282	1157.295
L1-1E_Cpo	513	3288	3801	8.1	18.909	1456	427.355
L1M2	257	3526	3783	16.2	24.552	2460	224.163
ERV2-3b_CPo-I	1530	2244	3774	2.7	21.545	492	1960.76
ERV2-4_CPo-I	3280	416	3696	48.61	32.037	27	379.815
ERV2-3c_CPo-I	2637	982	3619	610.3	11.798	324	909.108
L1-3_Cpo	3358	241	3599	2662.62	17.671	2047	762.58
MTE-int	942	2486	3427	97.22	22.814	20656	609.965
HAL1-3A_Cpo	2495	861	3356	27	19.481	8120	130.385
L1-3_Cpo	577	2751	3328	264.64	14.102	26832	74.413
ERV2-3_CPo-I	820	2458	3278	602.19	7.933	1850	1083.6
L1-1D_Cpo	1619	1398	3017	27	25.272	33822	613.468
L1MA5A	1193	1809	3002	83.71	21.431	26648	61.01
MTE-int	774	2167	2941	0	18.348	163	1324.356
MamRTE1	8	2876	2884	32.41	22.181	113	102.522
rnd-1_family-329	2740	0	2740	0	20.657	51	103.706
L1M3	41	2635	2676	124.22	13.309	1074	1298.736
HAL1-4A_Cpo	628	2029	2657	45.91	18.15	56	118.661
HAL1-1C_Cpo	1462	1170	2632	70.21	14.349	32889	64.954
L1ME1	1143	1460	2603	313.25	19.282	16979	169.963
HAL1-4_Cpo	1814	783	2597	113.42	14.121	5462	1179.106
HAL1-4B_Cpo	615	1949	2564	48.61	11.922	1908	1222.914
ID-B1_Cpo	1260	1253	2513	332.15	21.048	37371	84.705
L1-4A_Cpo	1279	1123	2402	226.84	17.261	2007	378.205
Zaphod4a	272	2085	2357	0	20.527	211	290.692
L1-1C_Cpo	618	1680	2298	18.9	23.575	19283	489.656
L1-3A_Cpo	4	2244	2248	0	23.893	355	352.228
CAVID	462	1779	2241	16361.88	7.585	53238	104.427
CAVID2	1377	825	2202	847.93	17.745	16981	79.256
ERV2-3c_CPo-I	581	1620	2201	5003.89	10.019	16485	99.611
CAVID2B1	816	1376	2192	561.69	17.446	12661	75.66
HAL1-4A_Cpo	1939	252	2191	2.7	22.724	407	128.265
ERV2-5_CPo-I	389	1790	2178	13.5	26.549	317	931.12
L1MCa	51	2121	2172	0	25.168	2364	241.829
L1MC1	1634	510	2144	461.77	20.15	19347	142.996
ID-B1_Cpo	1306	833	2139	124.22	20.565	42382	180.05
CAVID	505	1594	2099	6880.68	8.484	10005	96.41
L2b	2043	8	2051	8.1	21.86	5	611
B4	1544	498	2042	1039.66	7.715	662	1179.659
LTR6_Cpo-int	1319	677	1996	469.87	17.833	2328	515.26
LTR6I_Cpo	1150	846	1996	0	23.314	217	1051.387
CAVID2B	1487	493	1981	8176.89	14.74	10701	75.858
L2a	1468	505	1973	178.23	18.32	22300	61.873
MER52-int	1303	608	1910	0	23.739	1428	502.951
L1MC	772	1113	1886	715.61	22.173	1238	574.405
LTR7_Cpo	1423	461	1884	99.92	10.176	616	352.826
MER52-int	0	1870	1870	56.71	19.15	783	453.151
ERV2A-CPo_I	555	1305	1860	302.45	18.585	1128	778.96
HAL1-4A_Cpo	94	1738	1831	94.51	18.884	10843	578.254
LTR6C2_Cpo	168	1613	1781	186.33	16.756	2597	315.069
LTR7_Cpo	1434	277	1712	45.91	11.004	281	362.046
CAVID	452	1257	1709	8541.45	6.898	3159	93.958
LTR8_Cpo	291	1414	1705	89.11	16.612	3638	498.269
HAL1-1B_Cpo	983	695	1678	1347.51	5.892	8094	1604.004
ERV2-4_CPo-I	121	1535	1656	148.52	5.213	208	663.279
LTR7_Cpo	1434	207	1641	18.9	12.92	5	219.8
MER58A	972	665	1637	310.55	22.046	8320	88.961
HAL1-1A_Cpo	805	804	1610	151.22	5.919	1763	1517.058
LTR8B_Cpo	94	1500	1594	197.13	13.998	2295	433.712
HAL1-2C_Cpo	669	912	1581	302.45	8.308	5305	1511.328
L1-2A_Cpo	97	1469	1565	21.6	13.942	12	59.75
LTR6H_Cpo	242	1305	1547	0	25.846	4980	190.433
LTR8C_CPo	0	1520	1520	40.51	14.448	66	48.485
MTE-int	732	757	1489	29.7	22.721	4965	223.537
CAVID	296	1192	1489	291.65	20.991	6479	58.811
MER52-int	777	697	1474	5.4	19.496	2839	698.839
LTR8C_CPo	932	487	1419	415.87	18.474	14534	442.906
STRIDE_Cpo	412	994	1406	305.15	19.299	4874	180.855
LTR8_Cpo	48	1343	1392	75.61	11.487	2291	297.135
LTR13_Cpo	326	1050	1376	9586.51	22.312	4599	335.549
RodERV21-int	42	1331	1373	534.68	14.519	31	93.097
OldhAT1	84	1230	1314	10.8	13.721	133	668.94
LTR6_Cpo	413	891	1304	715.61	9.944	3912	314.69
MER20	1119	164	1283	0	24.329	650	579.582
HAL1-2C_Cpo	622	659	1281	113.42	8.437	1843	398.301
HAL1-1E_Cpo	888	391	1279	594.09	2.267	2777	1634.189
LTR6_Cpo	697	576	1273	2762.54	6.277	3695	326.248
HAL1-4A_Cpo	30	1241	1270	64.81	21.782	9806	235.737
LTR6F_Cpo	552	678	1230	313.25	20.019	10641	358.766
L2	520	699	1219	1039.66	11.461	44	73.727
HAL1-1D_Cpo	832	382	1214	367.26	3.831	1380	1913.206
HAL1-3D_Cpo	441	761	1202	361.86	3.253	849	2271.973
HAL1-1C_Cpo	832	367	1199	89.11	8.387	258	1142.713
LTR6_Cpo	424	769	1193	153.92	11.366	500	279.856
LTR6F2_Cpo	553	610	1163	45.91	18.702	1633	307.189
MER52-int	638	513	1151	24.3	12.97	458	266.406
LTR6_Cpo	372	776	1148	394.26	13.54	116	145.422
L2	1119	18	1138	29.7	18.985	2214	197.351
ID-B1_Cpo	106	993	1099	572.49	16.851	22157	132.915
MER3	175	904	1079	0	22.404	541	813.098
LTR6B2a_Cpo	268	805	1073	62.11	16.362	873	318.63
ERV2-3d_CPo-LTR	1015	57	1072	64251.23	1.968	364	333.115
HAL1-1C_Cpo	770	302	1072	135.02	5.547	280	1838.975
HAL1-1G_Cpo	828	237	1064	45.91	4.739	131	328.206
LTR8_Cpo	929	113	1042	81.01	21.179	1612	174.2
CAVID2	233	786	1019	2554.6	16.401	6758	79.813
L1MEc	960	43	1004	0	26.392	2800	302.699
LTR6G_Cpo	73	922	995	197.13	20.237	4962	248.072
ERV2A-CPo_I-int	84	901	985	13.5	13.951	401	803.147
HAL1-4A_Cpo	946	20	965	332.15	16.842	219	115.105
HAL1-1F_Cpo	723	239	962	261.94	2.525	1812	1597.399
MLT1A0	932	0	932	8.1	26.098	18967	216.652
ERV1A-CPo_I-int	795	136	931	723.71	7.389	150	664.947
LTR6C_Cpo	111	817	928	189.03	16.38	3461	325.229
OldhAT1	155	772	927	135.02	15.978	2104	219.778
L1MC2	287	640	927	0	23.236	4594	69.513
LTR16A1	671	243	913	13.5	26.774	2098	123.775
L1-4_Cpo	52	858	910	367.26	15.746	680	83.728
rnd-5_family-807	116	794	910	0	25.032	1235	417.829
HAL1-4_Cpo	4	904	908	13.5	16.009	23	55.043
L1MB3	854	53	907	21.6	15.648	889	752.236
HAL1-3B_Cpo	798	107	906	126.92	10.13	948	541.145
MLT1A	13	883	896	0	23.028	293	570.457
LTR6B2_Cpo	153	739	892	67.51	15.302	1022	333.484
HAL1-1C_Cpo	517	370	888	564.39	4.492	3260	2107.894
L1-3A_Cpo	683	201	884	21.6	23.071	15761	627.628
ERV2-4_CPo-I	50	820	870	18.9	19.824	1398	376.298
HAL1-4C_Cpo	517	351	868	83.71	11.516	2261	1354.31
rnd-6_family-3647	1	867	868	0	25.562	843	215.649
LTR6F_Cpo	111	705	816	48.61	21.551	3110	98.994
LTR6E_Cpo	508	305	813	170.13	20.216	50	97.72
MamRTE1	732	76	807	8.1	19.435	117	57
rnd-1_family-196	217	568	784	10912.42	20.875	4	54.25
ID-B1_Cpo	314	467	781	13.5	20.107	1165	549.528
LTR12D_Cpo	588	185	773	8.1	24.163	93	113.419
LTR8_Cpo	708	65	773	91.81	18.327	1611	253.738
MER31A	538	233	771	10.8	15.265	1480	405.478
L1-3A_Cpo	438	333	771	4658.23	24.636	30327	89.991
HAL1-1H_Cpo	429	338	768	23698.93	3.826	254	1729.539
LTR8C_CPo	483	279	762	137.72	22.7	6683	326.495
Tigger12	72	665	738	108.02	17.785	2238	421.745
ERV1NA-CPo_I	173	564	737	191.73	13.817	1690	1411.266
ERV2B-CPo_I	194	543	737	113.42	17.856	1471	497.759
LTR6E_Cpo	110	622	732	113.42	20.141	427	103.347
rnd-4_family-537	360	371	731	0	23.543	2544	290.088
L1-2B_Cpo	578	150	728	494.18	21.051	3531	88.757
LSU-rRNA_Hsa	563	165	728	334.85	15.066	247	909.745
LTR6E_Cpo	139	588	726	243.04	18.286	11922	342.37
MER52-int	597	125	722	13.5	21.693	1122	469.269
ERV1A-CPo_I-int	23	691	714	35.11	14.369	506	212.006
ERVL-B4-int	694	18	712	2.7	23.208	1276	393.807
ERV2-3c_CPo-LTR	115	585	699	2641.02	8.491	299	330.137
ERV2-3_CPo-I	609	88	697	596.79	13.177	104	221.202
CAVID	54	638	693	99.92	4.427	401	135.187
L3	38	640	678	1072.07	9.6	1296	487.715
HAL1-1G_Cpo	373	294	667	218.73	2.406	1549	1970.019
ERV2-3_CPo-LTR	68	588	656	734.52	1.178	772	409.337
L1MA5	647	6	653	818.23	18.125	3450	101.811
ERV2-3d_CPo-I	278	367	645	41837.69	4.251	295	679.837
ERV1A-CPo_I	122	517	639	16.2	21.764	466	1967.921
rnd-6_family-153	480	159	639	0	25.733	256	334.242
L1MA6	602	34	636	186.33	21.397	11176	65.364
CAVID2A	398	229	627	4517.81	12.39	2190	77.476
CAVID	482	130	612	2.7	22.128	348	260.79
CAVID	472	135	608	4407.09	16.027	24615	84.873
CAVID1C	234	371	605	3413.34	11.406	4866	84.569
ID-B1_Cpo	148	456	605	118.82	19.054	3777	643.771
CAVID2	473	125	598	3310.72	15.606	11069	85.356
CAVID	236	356	592	2001.02	15.844	4396	81.009
CAVID	467	125	591	2030.72	16.37	21230	86.26
LTR6D_Cpo	87	503	590	324.05	16.91	7808	314.428
ERV1A-CPo_I-int	80	509	588	8.1	26.773	1717	635.961
CAVID2D	470	113	583	2230.55	15.098	5286	80.295
MIR3	340	242	582	0	21.647	1419	126.199
LTR13_Cpo	83	494	577	13.5	18.93	481	433.083
L1-1C_Cpo	225	350	575	110.72	4.584	542	554.651
LTR6H_Cpo	122	440	562	340.25	21.983	9656	281.485
LTR11_Cpo	526	10	536	13.5	14.3	435	106.887
L1ME2	67	468	535	10.8	22.667	20205	277.421
MamRTE1	38	496	534	78.31	12.501	908	1239.346
LTR12B_Cpo	459	71	530	43.21	10.063	43	102.535
HAL1-2C_Cpo	508	19	527	202.53	9.402	998	962.721
L1MB2	104	420	525	10.8	19.222	166	626.976
rnd-6_family-2817	495	27	522	113.42	21.505	235	300.651
CAVID2	427	92	519	537.38	17.956	9234	83.31
LTR12C_Cpo	31	488	519	37.81	8.593	243	194.21
LTR12C_Cpo	488	31	519	10.8	15.868	399	155.188
ERV1NA-CPo_I-int	4	512	516	10.8	15.346	501	417.906
LTR6B_Cpo	102	408	510	135.02	15.068	1967	310.561
CAVID2D	409	99	508	307.85	14.752	164	48.323
PB1D11	457	51	508	5.4	23.406	2773	79.378
MamSINE1	293	214	507	2.7	23.26	615	344.441
L1-1B_Cpo	283	211	494	59.41	14.735	1541	942.027
OldhAT1	26	465	491	2.7	12.498	260	561.8
ERV2-5_CPo-I	68	412	481	21.6	19.472	971	476.145
L1MEf	139	338	477	59.41	13.801	1395	190.913
ERV2B-CPo_I-int	1	471	472	399.66	7.729	7	176.143
ERV2-3C1a_CPo-LTR	206	252	458	429.37	7.774	260	400.412
MER31A	311	147	458	51.31	15.816	1799	622.996
ERV2B-CPo_I-int	157	292	449	8.1	19.539	148	1154.547
L1-3_Cpo	168	280	448	0	25.509	809	552.235
ERV2-3_CPo-I	62	383	445	1250.3	18.1	2	421
MLT1J	1	438	439	0	25.156	831	111.806
L1MB3	145	273	419	2.7	18.918	464	1464.677
rnd-6_family-4059	76	343	419	0	27.397	333	468.91
HAL1-2B_Cpo	158	253	411	78.31	11.319	2265	2143.735
HAL1-2A_Cpo	107	301	408	40.51	6.662	411	1619.715
MER52-int	0	404	404	40.51	19.298	384	223.562
HAL1-2C_Cpo	136	264	400	29.7	15.709	2810	1121.488
ERV2-3c_CPo-LTR	125	271	396	1261.1	3.31	518	393.44
L1-1G_Cpo	341	56	396	16.2	21.347	574	168.575
CAVID2B	317	77	394	108.02	19.363	1771	246.525
LTR8C_CPo	13	380	393	8.1	22.36	992	298.806
ERV1NA-CPo_I-int	84	308	392	118.82	13.653	2598	343.03
ERV2-4b_CPo-LTR	28	358	386	16.2	1.384	58	323.259
LTR12_Cpo	383	4	386	310.55	6.03	282	92.553
rnd-6_family-1475	364	18	382	0	27.784	783	302.559
MLT1C2	264	115	379	0	25.391	336	557.571
rnd-1_family-396	4	371	375	10.8	11.77	317	282.975
ERV1NA-CPo_I-int	93	275	368	32.41	19.421	763	575.868
L2a	223	144	367	16.2	23.626	1073	761.412
L1-3A_Cpo	3	360	364	0	22.665	1888	363.503
LTR69	288	75	363	67.51	25.753	224	794.125
L1MB4	2	356	358	18.9	15.555	601	379.241
rnd-6_family-2157	0	348	348	0	23.323	345	315.177
ERV2-3_CPo-LTR	290	57	347	3324.22	5.893	14	213.071
LTR8_Cpo	284	60	344	1517.64	12.729	1747	1115.211
HAL1-1B_Cpo	172	171	343	213.33	9.274	1430	2200.636
MER52-int	0	343	343	29.7	12.652	650	348.52
MamGypLTR1b	311	29	340	37.81	19.448	2284	646.197
rnd-6_family-3731	320	17	337	0	22.2	302	281.232
rnd-5_family-251	111	222	334	0	22.595	742	322.278
L1MB8	254	77	331	5.4	25.238	13666	234.194
LTR50	142	187	329	2.7	21.71	8305	177.873
AmnL2-1	324	0	324	13.5	17.336	351	401.094
MIRb	115	209	323	588.69	19.931	52687	169.17
ERV2-4_CPo-I	297	24	321	135.02	27.14	30	226.5
ERV2A-CPo_I-int	294	24	318	8.1	24.942	84	183.44
LTR8_Cpo	243	74	316	307.85	12.376	1729	450.033
MER52-int	0	315	316	32.41	23.691	221	386.733
Charlie31a	313	1	314	180.93	18.768	7182	75.524
L1M5	39	275	314	186.33	14.808	1216	1604.868
ID-B1_Cpo	1	313	314	126.92	18.711	1794	68.014
ERV2A-CPo_I-int	129	184	313	8.1	14.385	539	528.371
rnd-6_family-747	42	270	313	0	27.018	724	386.49
L1M4	30	283	312	0	25.419	1674	271.001
ERV1A-CPo_I-int	11	297	308	183.63	14.123	134	614.769
rnd-1_family-363	0	307	307	121.52	13.3	4	66.5
CAVID1B	195	108	303	3081.19	11.563	3145	84.454
ERV2A-CPo_I-int	12	291	303	67.51	17.505	485	214.594
ERV1NA-CPo_I-int	168	129	297	62.11	20.391	292	265.449
MER103C	9	287	296	13.5	23.846	988	90.219
MER67C	94	202	296	18.9	20.382	112	1152.991
LTR8_Cpo	239	50	290	113.42	14.785	2113	535.897
L1M2	0	290	290	56.71	15.643	60	226.7
ERV2-5_CPo-I	233	52	285	29.7	6.673	249	1221.349
LTR8_Cpo	57	226	283	37.81	20.527	5054	81.575
ERV2-3_CPo-I	144	138	282	2.7	30.5	2	157
LTR6I_Cpo	41	240	281	108.02	6.92	446	713.664
STRIDE_Cpo	232	47	279	2187.34	21.296	37869	118.904
LTR8C_CPo	119	159	278	24.3	14.99	1809	94.468
L1MA8	20	257	277	0	27.921	2889	240.763
HAL1-1B_Cpo	203	74	276	13.5	16.3	16	98.25
LTR6I_Cpo	131	144	275	615.7	4.58	274	849.774
L1-1_Cpo	126	143	269	0	22.69	248	835.137
L1MB3	25	236	261	8.1	13.136	727	663.42
L1-2_Cpo	71	184	255	278.14	10.737	967	2033.623
ID-B1_Cpo	195	56	251	3783.3	20.33	56983	131.101
ERV2A-CPo_I-int	0	251	251	37.81	26.75	20	194.6
L1-2_Cpo	51	200	251	456.37	19.323	16095	139.924
MamRTE1	234	15	249	5.4	19.752	774	630.065
L1-2B_Cpo	27	221	248	8.1	16.774	2927	125.792
L1-1_Cpo	32	216	248	0	14.002	126	630.73
MER2	247	0	247	0	24.528	1980	176.1
CAVID	208	36	245	1253	14.952	318	60.701
HAL1-3A_Cpo	178	62	241	164.73	11.881	3932	1805.204
HAL1-3C_Cpo	194	44	238	99.92	7.507	2300	2251.103
HAL1-2B_Cpo	57	180	237	13.5	21.382	908	555.787
LTR6E_Cpo	3	231	234	67.51	19.799	215	73.326
LTR12C_Cpo	123	109	232	24.3	16.182	1356	249.229
ERVL-E-int	226	6	232	44424.7	13.301	544	242.14
LTR6E_Cpo	159	68	228	32.41	18.079	391	126.742
L1MC1	60	168	228	0	19.663	344	350.233
CAVID2C	76	150	226	3413.34	14.123	7325	75.358
rnd-6_family-4728	186	37	223	2.7	21.733	444	190.673
LTR2C_Cpo	38	184	222	164.73	18.755	1052	440.75
ID-B1_Cpo	114	108	221	2.7	23.101	1042	549.349
L1-3_Cpo	186	32	219	18.9	22.626	2510	409.647
ERVL-E-int	66	152	218	2.7	21.62	601	764.576
ERV2-3C1a_CPo-LTR	64	154	217	896.54	11.528	32	277.281
MTE-int	97	120	217	0	19.297	63	880.714
LTR12C_Cpo	2	214	216	394.26	10.399	2014	432.417
STRIDE_Cpo	113	103	216	2341.27	18.641	12390	60.327
MTE-int	164	52	216	0	27.752	4832	559.48
rnd-6_family-918	16	194	210	0	10.698	179	794.486
L1MA6	167	41	208	1104.47	21.877	27256	96.211
LTR8_Cpo	163	41	204	159.33	15.622	672	258.18
L1MD1	131	71	201	0	25.736	4659	208.471
ID-B1_Cpo	111	90	201	286.25	23.711	5943	56.168
MER63A	138	61	198	27	18.848	820	350.48
rnd-6_family-405	194	3	197	0	25.957	921	218.001
MER31-int	105	92	197	0	20.364	376	390.021
LTR11_Cpo	108	87	196	140.42	12.225	875	392.131
LTR11_Cpo	177	19	196	10.8	15.966	1154	348.301
ERV2-3c1_CPo-LTR	52	142	194	896.54	4.985	983	403.909
ERV2-3_CPo-I	96	94	190	2.7	22.951	795	634.491
rnd-6_family-1732	1	188	189	0	26.476	2781	225.183
CAVID2D	66	120	186	10.8	21.039	1330	134.364
STRIDE_Cpo	178	7	186	402.36	23.479	15197	93.954
rnd-6_family-3347	86	99	185	0	22.086	888	214.134
rnd-6_family-6926	142	43	185	5.4	19.991	283	238.297
STRIDE_Cpo	175	9	184	2484.39	14.745	122	56.32
LTR6D_Cpo	133	49	182	37.81	16.373	48	69.812
LTR6F_Cpo	49	133	182	27	16.975	96	83.479
CAVID2C2	102	79	181	2824.65	14.571	4181	73.896
ID-B1_Cpo	163	18	181	672.41	16.133	305	493.321
L1-3_Cpo	136	44	180	210.63	16.951	4791	146.021
Charlie10	39	136	175	8.1	22.719	2411	524.286
rnd-6_family-2973	174	1	175	0	27.957	598	181.003
LTR8_Cpo	133	38	171	78.31	13.99	163	276.006
OldhAT1	164	6	170	21176.74	24.267	129	139.256
L1-3_Cpo	153	14	167	0	23.069	51	122.784
L1MB4	113	52	165	32.41	16.752	822	201.404
MamRTE1	68	97	165	2.7	6.769	311	751.01
L2a	41	122	164	29.7	18.216	1814	1821.222
L1-3_Cpo	114	49	163	132.32	14.488	1842	83.964
L1-1_Cpo	1	161	162	0	21.5	1	64
ERV2B-CPo_I-int	108	54	162	5.4	22.776	514	612.739
rnd-1_family-423	0	160	160	16.2	13.591	79	62.025
rnd-6_family-461	28	129	157	0	25.49	477	357.6
rnd-6_family-9067	144	12	156	0	26.233	192	502.932
MER65D	2	151	154	0	24.228	881	245.625
rnd-6_family-208	152	0	152	0	26.085	1165	198.442
MER52-int	26	122	148	8.1	23.448	263	754.293
rnd-6_family-847	4	145	148	0	28.047	323	404.588
LTR8C_CPo	64	80	145	2.7	24.791	552	226.024
rnd-6_family-3355	3	141	144	0	20.252	853	259.641
LTR8_Cpo	126	16	142	383.46	11.273	1854	281.934
rnd-6_family-3574	15	127	142	0	25.502	282	349.972
MIR	109	32	141	18.9	13.898	915	2210.117
MER31A	89	51	140	13.5	13.489	749	603.629
L1MA5	138	2	140	0	20.623	1615	110.658
L1-3_Cpo	130	10	140	27	17.882	357	105.272
HAL1-2C_Cpo	42	95	138	13.5	15.881	611	1100.753
ERV1A-CPo_I-int	104	32	136	2.7	21.015	2969	393.263
STRIDE_Cpo	102	33	135	2.7	16.066	306	859.797
L2a	107	27	134	16.2	14.843	497	498.748
HAL1-2C_Cpo	8	122	131	3502.45	19.813	156	307.577
STRIDE_Cpo	121	9	130	3281.02	13.769	178	54.736
STRIDE_Cpo	121	9	130	4822.96	13.723	282	59.128
HAL1-1B_Cpo	14	115	129	237.64	11.467	18	339.5
LTR33	9	119	128	18.9	18.725	573	292.932
LTR37A	106	19	125	0	25.253	788	185.749
ERV2-5_CPo-I	98	25	123	156.62	14.611	1146	423.926
MTE-int	98	25	123	10.8	22.139	28	86.893
L1MB5	106	16	122	0	27.159	933	238.856
L1M3	113	7	120	8.1	23.919	274	266.891
LTR6I_Cpo	7	112	119	54.01	25.3	44560	259.191
LTR10_Cpo	119	0	119	32.41	0	1	44
rnd-6_family-761	119	0	119	164.73	7.432	220	55.945
LTR6H_Cpo	0	118	118	10.8	20.658	3468	152.093
rnd-6_family-4599	16	99	116	0	25.892	330	189.082
L1M5	54	61	115	580.59	25.328	9502	222.816
MTE-int	111	3	114	45.91	20.754	13	53.846
ERV2-5_CPo-I	42	72	114	5913.93	11.369	340	518.779
CAVID2	56	58	114	0	23.558	5640	60.181
L1-3_Cpo	37	76	113	54.01	22.725	1267	347.732
HAL1-4A_Cpo	88	24	112	48.61	21.648	1703	255.45
rnd-6_family-3198	112	0	112	27	24.426	489	220.272
rnd-6_family-1174	91	19	110	0	27.24	1593	286.751
L1MA5A	92	18	110	0	29.313	370	318.192
MER31B	96	14	110	0	24.921	190	214.895
L1-3_Cpo	68	41	109	626.5	18.261	1017	460.133
OldhAT1	76	33	109	35.11	20.318	5572	635.833
CAVID2B2	96	12	108	2727.43	17.946	7459	74.003
ERV2B2-CPo_LTR	7	100	107	81.01	9.102	572	317.182
L1M4c	14	92	106	0	25.633	866	277.024
MLT1D	77	28	105	648.1	11.708	2158	334.196
L3	78	28	105	124.22	27.834	90	380.622
ERV2-5_CPo-I	2	101	102	0	18.881	313	498.125
MamGypLTR1b	35	66	101	37.81	26.101	786	356.973
MER52-int	99	1	101	253.84	19.665	1316	271.674
LTR6E_Cpo	100	0	100	54.01	13.5	4	58.75
PB1D11	0	100	100	656.2	14.943	5904	129.019
LTR1_CPo	29	70	99	5.4	7.073	56	406.107
LTR11_Cpo	96	2	99	8.1	11.1	13	135.538
HAL1-3B_Cpo	52	46	98	29.7	14.373	142	179.803
L1-1H_Cpo	63	34	98	59.41	10.707	190	214.079
rnd-5_family-698	39	60	98	0	28.318	1092	521.514
MER2	19	77	96	16.2	24.921	10154	227.087
LTR2B_Cpo	48	47	96	5.4	24.881	1296	224.897
rnd-6_family-5489	61	34	95	2.7	16.258	81	488.136
MIRb	71	24	94	18.9	16.459	755	1022.246
L1-1H_Cpo	60	34	94	191.73	8.854	166	235.916
ERV2-5_CPo-LTR	10	84	93	153.92	16.662	1950	182.661
LTR6I_Cpo	28	64	93	94.51	17.547	823	315.931
rnd-6_family-7573	34	59	93	0	25.039	203	467.271
L1-2B_Cpo	92	0	92	5.4			
ERV2-3b_CPo-LTR	46	45	91	5.4	4.646	164	473.549
LTR3_Cpo	91	0	91	672.41	13.497	1869	340.677
rnd-6_family-871	0	90	91	0	26.554	887	301.625
ERV2-3_CPo-I	37	52	90	0	28.188	8	110.75
MIRc	19	71	90	108.02	7.283	279	805.047
L2d	48	39	88	40.51	16.221	1106	727.298
rnd-5_family-210	21	67	88	0	25.751	1185	286.826
rnd-6_family-1488	24	64	88	0	23.622	911	220.359
LTR4_Cpo	46	41	87	353.76	5.684	943	379.382
L1-4_Cpo	62	24	86	37.81	18.792	165	140.806
L1M5	33	53	86	0	11.552	231	161.247
BC1_Cp	24	61	85	197.13	14.966	924	440.978
L2a	85	0	85	67.51	18.941	1573	69.192
rnd-6_family-2539	30	55	85	13583.14	22.877	7055	52.555
ERV1A-CPo_I-int	9	75	84	18.9	22.986	129	148.101
L1-1H_Cpo	27	57	84	78.31	12.461	473	421.892
LTR84b	83	1	84	18.9	17.621	326	483.377
LTR16A	16	68	84	43.21	13.15	398	310.183
L1MC3	29	54	83	5.4	26.572	4381	267.567
LTR8_Cpo	80	0	80	256.54	6.142	43	73.233
ERV2-3_CPo-I	72	8	80	91.81			
HY1	80	0	80	18.9	15.238	561	101.579
ERV1NA-CPo_I-int	67	12	79	10.8	22.836	42	262.071
LTR8_Cpo	44	34	78	0	19.646	13	82.154
ERV2A-CPo_I-int	0	78	78	0	17.509	202	221.074
MLT1D	75	1	76	0	26.094	5552	210.747
LTR6I_Cpo	75	1	76	8.1	24.428	1766	187.391
rnd-6_family-5910	74	2	75	0	25.11	312	299.792
MER31B	75	0	75	0	25.652	1122	255.293
ERV1NA-CPo_I-int	0	74	74	86.41	11.516	264	366.811
HAL1-3A_Cpo	60	14	74	51.31	14.269	88	418.159
MLT1A0	2	72	74	0	26.918	6569	245.025
MER57D	68	7	74	0	24.826	751	222.951
LTR6E_Cpo	36	38	74	0	16.978	259	312.147
LTR8B_Cpo	33	41	74	2.7	21.974	417	235.614
MLT1C2	65	8	73	10.8	13.861	28	382.536
rnd-5_family-225	0	73	73	0	24.359	373	291.668
rnd-6_family-1640	0	73	73	0	25.42	376	268.779
Tigger1	24	49	73	0	26.624	222	398.428
L3	68	4	72	27	20.961	61	562.016
rnd-6_family-2214	11	61	72	5.4	22.273	652	224.825
CAVID2	36	35	71	13.5	19.616	777	344.912
STRIDE_Cpo	5	66	71	367.26	23.03	21591	95.08
LTR2B_Cpo	0	71	71	5.4	22.825	886	219.485
LTR6I_Cpo	1	69	70	0	20.375	289	100.54
LTR8C_CPo	43	27	70	799.33	10.27	76	176.434
rnd-5_family-1793	42	28	70	0	26.365	1498	245.494
LTR40b	68	2	70	0	26.148	121	193.05
L1-3A_Cpo	53	15	69	54.01	22.765	3104	277.869
rnd-5_family-2532	5	64	69	0	26.235	2976	211.307
rnd-6_family-1398	41	28	69	0	22.707	340	328.718
L1M5	16	53	69	0	9.405	148	101.439
RMER5	64	5	69	0	23.572	365	286.241
ERV1A1-CPo_LTR	8	60	68	121.52	5.59	427	296.262
L1-4_Cpo	65	3	68	0			
rnd-4_family-384	22	46	68	5.4	25.712	5081	244.559
L1-1A_Cpo	0	68	68	72.91	18.84	580	170.186
ERV2B-CPo_I-int	48	21	68	207.93	13.125	4	98
LTR6I_Cpo	27	40	67	2.7	24.063	1558	319.117
OldhAT1	26	41	66	16.2	17.743	1719	367.271
rnd-5_family-1161	18	48	66	2.7	24.411	2038	245.95
L1MC1	14	52	66	18.9	17.325	92	653.033
rnd-6_family-273	4	62	66	315.95	9.332	3213	88.597
L2	60	6	66	0	23.812	310	91.368
L1MB7	59	6	65	175.53	15.58	500	102.066
MLT1F2	41	24	65	24.3	19.598	3348	264.173
HAL1-4_Cpo	23	42	65	51.31	19.757	1972	323.652
L1MA6	35	30	65	0	27.181	5907	278.378
L1MDa	18	47	65	0	25.575	1564	322.707
Tigger1	37	28	65	2.7	24.822	426	505.528
L1-1B_Cpo	64	0	64	0	20.952	21	115.714
L1MCa	21	44	64	0	26.486	1128	286.962
HAL1-3C_Cpo	42	20	63	18.9	15.626	211	384.972
L2a	40	23	63	27	14.305	818	157.496
MER21B	40	23	63	0	25.283	699	277.542
L1M6	42	22	63	0	22.454	276	428.804
X9_LINE	60	3	63	10.8	19.177	405	388.526
STRIDE_Cpo	2	60	63	10.8	23.187	6888	42.17
LTR6I_Cpo	21	42	63	237.64	14.244	1123	264.308
L1MA7	30	32	62	18.9	20.439	112	72.312
MLT1J	48	14	62	8.1	24.28	1493	157.224
ERV2-3b_CPo-I	16	46	62	21.6	19.312	393	469.455
LTR7C_Cpo	29	32	61	0	14.128	78	369.359
LTR12B_Cpo	46	15	61	18.9	10.779	38	107.816
STRIDE_Cpo	29	32	61	35.11	23.882	6419	72.089
ORSL-2b	58	2	60	13.5	23.243	23203	81.37
L2	50	10	60	8.1	12.605	812	538.131
L1MC4	58	2	60	0	26.093	1423	211.819
MamSINE1	56	4	60	1080.17	18.023	159	380.151
L1-3_Cpo	42	17	59	8.1	20.646	1054	320.324
L1-1A_Cpo	18	40	58	40.51	17.655	44	129.977
HAL1-3C_Cpo	42	16	58	16.2	17.752	27	320.111
rnd-5_family-187	22	36	58	16.2	23.034	1447	266.639
L1MD	33	24	57	3426.84	18.459	57475	139.031
ERV1A-CPo_I-int	56	1	57	5.4	7.193	334	60.916
MER5A	1	55	56	8.1	25.134	6131	116.092
L1MCa	23	33	56	0	25.623	1110	228.32
LTR8C_CPo	24	32	56	2.7	23.59	277	252.585
LTR6I_Cpo	20	35	55	162.03	14.875	4	108.25
L1-3_Cpo	7	48	55	234.94	16.854	782	98.362
LTR2B2_Cpo	22	33	55	18.9	18.43	233	222.927
CAVID2D	0	55	55	5.4	22.918	445	258.169
CAVID	14	42	55	116.12	23.561	2285	91.084
L1-1_Cpo	23	31	54	16.2	12.874	38	634.842
rnd-6_family-3	52	2	54	16.2	10.533	536	347.285
MamGypsy2-I	1	53	54	10.8	16.027	173	545.22
LTR4C_Cpo	41	11	52	35.11	4.115	314	477.637
LTR7B_Cpo	24	28	52	5.4	11.286	177	391.271
ORR1E	10	42	52	0	25.027	5293	206.445
L1-4_Cpo	29	23	52	35.11	17.552	1046	346.924
rnd-1_family-411	48	4	52	178.23	19.422	171	303.608
rnd-4_family-352	2	50	52	2.7	20.921	270	165.022
STRIDE_Cpo	46	6	52	456.37	22.543	16138	107.991
rnd-6_family-1617	34	18	52	0	25.282	3002	153.953
L1MA6	28	23	51	0	26.859	3695	189.972
rnd-6_family-1662	50	1	51	0	25.072	614	271.963
rnd-6_family-845	51	0	51	0	26.34	750	123.007
HAL1-3B_Cpo	36	14	50	18.9	15.505	20	494.8
LTR86A1	49	1	50	75.61	16.928	430	739.419
rnd-5_family-342	31	19	50	251.14	20.716	2433	124.099
L1MD2	50	0	50	2.7	27.887	5304	240.797
STRIDE_Cpo	5	45	50	62.11	23.09	14374	116.928
rnd-6_family-3897	0	50	50	0	26.374	833	242.473
rnd-6_family-621	46	4	50	2.7	20.004	1485	193.719
LTR6H_Cpo	47	2	50	0	25.884	5445	184.762
rnd-5_family-647	18	31	49	0	25.777	883	239.326
rnd-6_family-1705	30	19	49	0	24.496	371	110.784
L1MA6	27	22	49	0	26.771	5590	282.347
L1ME4c	28	21	49	0	14.576	203	540.094
rnd-6_family-6037	35	14	49	0	26.245	968	217.019
L1MB3	24	24	48	10.8	22.677	13	250.308
ERV2A-CPo_I-int	17	31	48	16.2	26.035	143	186.713
rnd-5_family-1760	1	47	48	16.2	22.387	1286	250.144
L1-2_Cpo	48	0	48	2.7	19.988	42	178
LTR6I_Cpo	28	20	47	13.5	20.19	1079	280.837
rnd-6_family-1712	0	47	47	0	22.013	278	69.806
rnd-6_family-2024	47	0	47	0	25.354	949	283.883
ERV2-3c_CPo-LTR	18	28	46	56.71	8.2	4	132.25
AmnSINE1	18	28	46	8.1	16.155	49	192.49
HAL1-1A_Cpo	38	7	46	27	16.578	371	859.685
MLT2D	36	9	46	0	25.975	3286	197.661
AmnSINE1	39	7	46	83.71	13.596	868	854.461
rnd-6_family-8824	3	43	46	0	22.399	208	326.755
L1MA5	23	22	45	21.6	21.826	4639	191.461
LTR41	9	36	45	32.41	18.399	341	167.085
ERV1NA-CPo_I-int	20	25	45	40.51	16.595	186	209.032
X6B_LINE	9	36	45	229.54	20.353	178	530.713
L1MA6	25	20	45	5.4	22.613	6418	203.325
LTR6I_Cpo	22	23	45	0	24.361	1245	118.494
LTR77	3	42	45	0	25.876	723	354.986
L1-1C_Cpo	18	25	44	8.1	18.045	89	645.888
L1MA4A	37	6	43	89.11	20.483	1116	343.468
L1-1H_Cpo	2	41	43	0	24.159	1102	326.109
STRIDE_Cpo	20	23	42	62.11	19.94	1184	111.431
MER20	0	42	42	48.61	24.988	7991	147.626
ID-B1_Cpo	0	42	42	0	21.642	2143	235.153
STRIDE_Cpo	17	26	42	27	24.644	3977	50.5
rnd-6_family-4358	7	35	42	2.7	24.577	378	242.37
LTR2B2_Cpo	2	39	41	267.34	17.945	1325	280.153
STRIDE_Cpo	5	36	41	2921.86	7.826	739	62.382
X6B_LINE	38	3	41	94.51	10.378	395	302.276
LTR40c	41	0	41	0	27.132	1551	205.943
L1MCa	40	0	40	124.22	15.62	492	122.976
rnd-5_family-1578	12	28	40	0	25.417	724	291.535
L1MB3	17	22	39	5.4	26.097	6112	255.44
rnd-6_family-352	11	28	39	0	24.043	309	343.515
Tigger6	26	12	38	202.53	17.124	38	111.816
L1ME3	38	0	38	0	26.11	10785	331.695
rnd-5_family-1037	36	1	38	0	21.662	509	349.456
MER57-int	2	36	38	2.7	23.4	1240	222.1
MLT2B1	0	38	38	0	21.723	760	101.372
CAVID2D	3	35	38	8.1	20.047	271	179.155
MER52-int	37	0	37	2.7	17.311	810	227.488
rnd-6_family-25533	37	0	37	756.12	10.255	148	298.831
rnd-6_family-882	33	4	37	0	26.026	58	239.81
L1-1A_Cpo	21	15	36	21.6	11.135	198	698.025
rnd-5_family-1175	30	6	36	0	24.475	1153	259.634
rnd-5_family-197	23	13	36	326.75	24.195	1701	232.988
rnd-6_family-466	12	24	36	0	24.094	528	398.186
ERVL-E-int	6	29	35	153.92	14.308	626	93.002
rnd-1_family-270	32	3	35	0			
ERV2B-CPo_LTR	6	29	35	2.7	20.055	11	242.364
L1M4	2	33	35	0	25.106	7729	225.998
LTR6I_Cpo	6	29	35	0	25.205	2680	161.52
HAL1-4_Cpo	6	29	35	0	22.895	731	249.127
ERV1NA-CPo_I-int	1	33	34	35.11	17.56	937	599.172
rnd-6_family-1363	0	34	34	2.7	16.939	434	128.965
rnd-6_family-2435	16	18	34	2.7	24.701	1149	106.147
L1-4_Cpo	20	13	33	10.8	9.2	3	46
HAL1-2B_Cpo	31	3	33	5.4	23.201	72	129.917
MTEb	0	33	33	16.2	14.878	23	49.391
MER63B	5	28	33	0	26.696	917	129.072
LTR2B2_Cpo	3	30	33	8.1	18.988	685	250.527
rnd-6_family-2245	32	1	33	0	27.396	624	412.819
LTR6C2_Cpo	24	8	32	18.9	16.78	5	119.2
STRIDE_Cpo	22	9	32	86.41	20.762	1417	91.738
L2a	20	12	32	45.91	18.35	4	232.75
LTR6I_Cpo	18	14	32	0	23.81	1449	84.131
Zaphod3	12	20	32	10.8	15.974	1524	351.068
STRIDE_Cpo	24	7	32	3956.12	21.409	117811	150.821
L1M6	22	9	31	2.7	21.009	11	98.636
P7SL_Cpo	11	20	31	56.71	22.058	3364	249.582
L1-3_Cpo	5	26	31	0	17.483	1783	176.07
rnd-6_family-330	20	11	31	0	26.725	1230	513.829
ERV1NA-CPo_I-int	24	6	30	5.4	23.448	443	548.059
L1M5	0	30	30	202.53	11.898	835	260.04
L1-4_Cpo	15	15	30	10.8	20.532	477	549.285
LTR6I_Cpo	1	29	30	2.7	25.007	2488	97.508
L2	6	23	30	72.91	14.638	893	435.26
L1MC3	18	12	30	2.7	27.987	3115	231.559
L1M1	20	10	30	18.9	18.986	1090	389.174
rnd-6_family-10545	30	0	30	16.2	24.82	843	298.454
rnd-6_family-2218	27	3	30	7617.9	19.46	75	446.68
Tigger12	14	16	30	110.72	17.786	315	471.041
MER57C2	22	8	30	0	22.723	192	197.083
MER68	0	30	30	0	28.195	1222	287.244
rnd-6_family-929	6	24	30	0	20.166	174	200.695
LTR6D_Cpo	26	3	29	5.4			
L1-3_Cpo	8	21	29	129.62	17.723	233	77.914
MTE-int	29	0	29	18.9	18.732	44	47.864
Charlie12_Rodent	0	29	29	0	21.935	1622	163.247
L1-3A_Cpo	14	15	29	0	25.534	729	315.93
rnd-1_family-429	0	28	28	0	13.062	13	44.923
L1-1_Cpo	9	19	28	5.4	26.68	288	210.177
HAL1-4C_Cpo	16	12	28	64.81	17.439	961	391.901
rnd-5_family-2059	16	12	28	0	27.97	1195	239.403
rnd-5_family-888	14	15	28	0	26.537	1029	221.665
STRIDE_Cpo	0	28	28	27	13.274	605	44.093
rnd-6_family-1765	0	28	28	0	24.379	410	152.144
rnd-6_family-299	1	27	28	10.8	21.983	418	261.577
STRIDE_Cpo	2	26	28	1928.1	23.866	2952	57.548
rnd-6_family-941	28	0	28	0	24.775	1143	294.942
B1F1A	23	4	27	5452.16	15.814	7423	124.335
ERV2A3-CPo_LTR	22	6	27	43.21	7.471	56	341.5
ERV2B-CPo_LTR	6	21	27	37.81	16.71	70	238.086
L1-1F_Cpo	16	11	27	16.2	14.384	533	646.58
MLT2B3	1	26	27	2.7	24.157	7479	211.047
MER3	0	27	27	0	25.067	4217	141.096
STRIDE_Cpo	24	3	27	43.21	23.697	23266	118.207
rnd-4_family-38	2	24	26	0	25.695	3417	206.586
Tigger17d	25	0	26	280.84	15.185	2562	230.933
rnd-5_family-339	24	2	26	0	23.908	59	254.458
MER34	0	26	26	0	24.621	1337	255.116
LTR16C	10	16	26	0	28.015	1064	163.236
rnd-6_family-3007	25	1	26	5.4			
rnd-6_family-7260	0	26	26	0	25.755	120	246.217
LTR6I_Cpo	3	22	25	1774.18	14.953	607	193.071
L2a	25	0	25	18.9	21.06	5	291.6
MIRb	16	9	25	67.51	21.945	1496	227.324
L1MA4	0	25	25	0	24.539	1035	369.088
CAVID2B	2	23	25	16.2	22.067	6285	80.849
rnd-1_family-260	24	0	24	8.1			
STRIDE_Cpo	21	3	24	2811.14	15.414	1940	107.424
rnd-6_family-2741	24	0	24	0	22.588	564	95.094
rnd-6_family-5286	0	24	24	0	23.574	339	211.236
rnd-6_family-5484	20	5	24	0	23.812	288	379.865
ERV2B-CPo_I-int	16	8	24	59.41	11.688	458	836.404
L1MB4	23	0	23	302.45	18.781	8588	74.551
MER52-int	0	23	23	175.53	20.362	1013	123.855
PB1D7	19	4	23	4642.03	18.205	2397	82.309
ORR1E	20	2	23	2.7	27.176	15355	270.27
L1-4A_Cpo	1	22	23	0	21.174	120	319.125
rnd-6_family-2654	23	0	23	0	23.511	842	142.765
rnd-6_family-3975	16	7	23	0	25.153	232	257.522
MARNA	22	1	23	893.84	22.944	17774	330.842
rnd-6_family-506	1	22	23	2.7	22.278	475	257.105
MER57E1	5	18	23	2.7	23.62	1012	299.571
ERV2-5_CPo-LTR	4	18	22	0	0.494	78	444.038
L1-2_Cpo	6	15	22	16.2	18.924	679	418.315
MER67A	12	10	22	54.01	12.563	589	228.66
LTR6F_Cpo	0	22	22	143.12			
LTR6I_Cpo	0	22	22	145.82	15.169	190	81.163
ERV2-3c1_CPo-LTR	18	4	22	2.7			
ERV1NA-CPo_I-int	22	0	22	45.91	10.827	149	207.228
rnd-5_family-310	0	22	22	0	23.034	873	69.294
rnd-6_family-13874	10	12	22	0	22.314	289	291.343
L1-1H_Cpo	6	15	21	35.11	19.778	119	310.328
LTR8_Cpo	20	1	21	135.02	18.782	197	108.036
L1ME3F	20	1	21	178.23	19.165	1545	156.631
ERV1NA-CPo_I-int	0	21	21	75.61	6.451	250	171.164
L1MD	21	0	21	24.3	14.873	11	100.545
MER89	20	1	21	0	27.199	561	267.56
ID-B1_Cpo	16	4	20	118.82	22.005	976	78.455
L1-3_Cpo	0	20	20	105.32	21.413	300	142.633
OldhAT1	10	9	20	8.1	13.845	42	394.286
LTR8B_Cpo	16	4	20	21.6	19.795	85	345.812
L1M4c	0	19	20	0	27.334	322	331.199
rnd-6_family-377	0	20	20	10.8	25.132	682	114.023
ERV1NA-CPo_I-int	2	17	19	37.81	15.092	562	495.694
ERV1A-CPo_I-int	1	18	19	32.41	21.072	146	93.171
rnd-6_family-547	3	16	19	2.7	23.713	704	186.493
MLT1D	19	0	19	297.05	9.65	442	115.502
STRIDE_Cpo	0	18	18	18.9	17.391	46	50.196
STRIDE_Cpo	18	0	18	91.81	18.465	391	63.488
HAL1-2C_Cpo	16	1	18	8.1	18.833	3	128
ERVL-B4-int	0	18	18	59.41	11.462	311	71.961
MIR	18	0	18	5.4	23.475	32070	89.185
MLT1A1	2	16	18	5.4	23.536	2304	192.279
L1-2B_Cpo	6	12	18	0	26.162	307	167.046
rnd-6_family-1968	0	18	18	0	26.244	755	136.15
BC1_Cpo	17	0	17	8.1	23.53	1568	68.603
Charlie4a	17	0	17	83.71	15.807	499	54.078
L1M4	9	8	17	359.16	18.284	636	89.649
B1F1A	9	8	17	15408.63	19.885	5045	97.506
rnd-5_family-1223	17	0	17	83.71			
ID-B1_Cpo	4	13	17	13.5	18.121	1490	303.466
rnd-5_family-939	2	15	17	0	26.567	1183	299.187
Tigger1	15	2	17	0	23.284	286	162.476
rnd-6_family-14285	1	16	17	0	22.312	190	244.416
rnd-6_family-660	0	17	17	0	24.241	537	86.337
MTE-int	14	2	16	0	15.65	2	47
ID-B1_Cpo	11	5	16	8.1	7.168	19	39.947
LTR6I_Cpo	16	0	16	0	15.612	8	44.125
L1-4A_Cpo	11	5	16	3008.27	13.622	618	338.686
MLT1F	1	15	16	0	26.929	5318	174.869
MLT2B2	2	14	16	0	27.037	3283	217.409
LTR13_Cpo	14	2	16	10.8	20.564	606	89.46
LTR12C_Cpo	2	14	16	10.8	16.741	211	217.754
rnd-6_family-2848	9	7	16	0	23.704	2697	73.988
P7SL_Cpo	2	13	15	59449.87	22.684	1367	94.102
MTE-int	0	14	15	45.91	23.512	25	100.16
LTR6I_Cpo	9	6	15	580.59	20.24	476	162.866
rnd-1_family-279	10	6	15	0	19.5	3	86.333
ERV1NA-CPo_I-int	5	10	15	43.21	15.8	838	719.882
ID-B1_Cpo	7	7	15	513.08	20.777	1178	62.65
rnd-6_family-6221	0	15	15	0	25.843	404	263.54
LTR2B_Cpo	6	8	14	251.14	13.932	657	297.715
HAL1-3C_Cpo	2	11	14	16.2			
L1-1_Cpo	6	8	14	8.1	22.883	18	164.444
L1-4_Cpo	12	2	14	1212.49	16.477	1295	113.085
L1-1E_Cpo	9	5	14	13.5	16.832	246	170.837
L1-3_Cpo	0	14	14	10.8	21.679	17240	131.1
rnd-4_family-116	6	8	14	0	24.557	5043	131.852
7SK	0	14	14	5.4	19.942	586	180.41
Tigger17a	13	1	14	0	26.533	1466	309.068
L1M4	0	14	14	0	22.949	275	585.185
rnd-6_family-11472	0	14	14	0	27.431	250	258.788
rnd-6_family-209	0	14	14	0	24.024	215	115.972
rnd-6_family-5498	7	7	14	0	26.16	494	359.395
rnd-6_family-873	4	10	14	0	25.857	321	347.05
LTR2C_Cpo	1	12	13	826.33	18.389	1388	274.316
rnd-1_family-405	0	13	13	10.8	13.706	474	124.082
B1F1A	7	6	13	297.05	15.983	6	43.833
L1-1E_Cpo	2	12	13	16.2	21.041	285	393.182
L1MA9	12	0	13	0	22.78	4988	160.261
MER34A1	11	2	13	0	24.213	996	184.717
rnd-6_family-2276	2	11	13	2.7	22.446	420	303.271
rnd-6_family-833	13	0	13	0	26.18	223	117.453
ERV2A-CPo_LTR	0	12	12	423.97	9.989	686	340.558
ORR1E	12	0	12	8.1	24.741	3705	158.145
ERV2A2-CPo_LTR	0	12	12	0	16.17	23	26.87
ID-B1_Cpo	5	7	12	353.76	19.573	15	56.933
HAL1-4A_Cpo	6	6	12	966.75	13.692	542	125.849
L1-1C_Cpo	0	12	12	10.8	22.656	4602	169.21
L2c	0	12	12	10.8	22.919	1844	80.145
L1-1_Cpo	0	12	12	32.41	9.095	512	340.697
L1MA10	0	12	12	0	24.74	551	135.172
MLT1F2	8	4	12	0	26.358	988	145.51
LTR37A	11	1	12	0	25.79	497	188.376
L1-4_Cpo	12	0	12	91.81	11.399	527	126.744
LTR4_Cpo	0	12	12	5.4	9.842	19	160.211
L1-2B_Cpo	1	10	11	5.4	16.15	12	82.25
L1-3_Cpo	0	11	11	40.51	16.835	26	59.692
L3	4	7	11	64.81	14.926	110	234.518
rnd-6_family-2163	4	7	11	0	23.446	248	90.302
rnd-6_family-2927	10	1	11	0	24.78	490	184.19
rnd-6_family-467	1	10	11	0	19.442	380	207.087
MIRb	2	9	11	5.4	17.469	801	51.537
L1MEc	5	6	11	0	24.88	325	179.074
MLT1A0	8	3	11	0	23.985	798	116.776
L1-1A_Cpo	6	4	10	2.7	27.586	28	184.714
L1-1H_Cpo	1	9	10	16.2	19.14	5	123.6
HAL1-4C_Cpo	10	0	10	5.4	19.8	6	101.5
Tigger17b	2	8	10	70.21	13.649	84	70.56
ERV1NA-CPo_I-int	10	0	10	0	22.48	10	108
L1MC1	1	9	10	0	25.478	4642	232.124
rnd-5_family-120	0	10	10	0	25.708	2004	184.539
L1MB3	0	10	10	0	23.465	1474	182.616
rnd-6_family-14530	4	6	10	21.6	19.265	373	325.056
rnd-6_family-1537	2	8	10	0	26.875	1188	190.226
CAVID2D	4	6	10	29.7	18.6	1199	127.334
ERV2-3c_CPo-I	10	0	10	0			
ERV2-3c_CPo-I	9	1	10	1085.57	6.014	236	181.877
MARNA	4	5	9	1074.77	20.888	10424	189.697
rnd-1_family-272	4	6	9	18.9	21.318	163	202.767
HAL1-4_Cpo	5	4	9	8.1	24.032	34	141.471
MLT1C	2	7	9	0	26.253	12377	227.367
rnd-6_family-1123	9	0	9	0	26.338	968	141.779
MER5A1	0	9	9	0	23.849	3202	102.533
HAL1-2C_Cpo	8	1	9	40.51	14.651	423	554.291
rnd-6_family-4221	9	0	9	0	24.954	1044	177.207
L1-1_Cpo	4	3	8	0	25.445	31	153.161
L1-3_Cpo	5	3	8	124.22	21.278	272	103.353
L1-1H_Cpo	3	6	8	37.81	16.25	2	228
L1-1F_Cpo	6	3	8	54.01	19.336	150	262.08
STRIDE_Cpo	6	1	8	885.74	19.04	144	76.681
MLT1J1	2	6	8	256.54	14.83	897	268.998
ERV1NA-CPo_I-int	0	8	8	10.8	22.907	122	338.574
LTR2C_Cpo	8	0	8	35.11	18.678	9	107.889
ERV1NA-CPo_I-int	4	4	8	81.01	17.89	270	362.996
L1-1B_Cpo	8	0	8	0	9.1	1	32
B1F1A	2	6	8	4018.23	14.518	103	44.243
rnd-5_family-135	8	0	8	2.7	23.058	5802	68.421
L1-3_Cpo	7	1	8	13.5	8.25	477	505.748
rnd-5_family-794	0	8	8	0	26.349	475	267.469
MLT1G1	8	0	8	13.5	14.264	419	192.079
rnd-6_family-238	2	6	8	0	24.174	385	260.447
L1MB2	8	0	8	0	23.884	156	165.128
rnd-6_family-2702	0	8	8	0	24.388	277	348.639
L1MB5	0	8	8	29.7	7.164	529	164.565
L1-1H_Cpo	3	4	7	0	18.65	6	45.167
HAL1-2C_Cpo	7	0	7	45.91	11.017	6	108.833
STRIDE_Cpo	6	1	7	94.51	20.065	362	83.017
rnd-1_family-302	7	0	7	0			
ERV1NA-CPo_I-int	0	7	7	75.61	8.89	200	259.45
rnd-1_family-404	7	0	7	16.2	16.066	736	115.609
STRIDE_Cpo	5	2	7	1234.09	20.77	1626	89.902
ERV2-3_CPo-I	0	7	7	81.01	3.02	5	32
rnd-5_family-545	0	7	7	0	23.891	3583	160.925
rnd-5_family-757	1	6	7	148.52	20.693	1014	257.831
L1-3A_Cpo	3	4	7	0	25.719	478	579.059
L2b	3	4	7	48.61	21.419	505	237.469
rnd-6_family-2725	7	0	7	0	26.007	771	260.584
rnd-6_family-6716	7	0	7	2.7	24.144	378	186.725
L1-1H_Cpo	3	4	6	2.7	28.522	23	199.739
MER46C	0	6	6	43.21	21.382	5817	151.566
B1F1A	2	4	6	5376.55	16.538	130	49.585
B1F1A	2	4	6	367.26	14.533	9	50.667
B1F1A	2	4	6	667.01	17.527	136	55.801
rnd-5_family-121	2	4	6	0	20.965	312	395.676
rnd-5_family-1390	6	0	6	0	23.941	341	139.449
MER21C	0	6	6	0	27.07	1946	332.088
ID-B1_Cpo	0	6	6	18.9	19.942	105	298.448
L2a	1	5	6	0	28.365	2731	167.12
rnd-6_family-2906	0	6	6	0	26.563	702	137.198
MER57C2	0	6	6	0	24.221	261	204.713
ERV2A2-CPo_LTR	0	5	5	78.31	9.576	196	378.908
ERV2B-CPo_LTR	0	5	5	124.22	10.39	549	311.517
L1-2_Cpo	2	3	5	2.7	27.25	2	76.5
HAL1-3A_Cpo	2	3	5	2.7	24.729	7	235
LTR8B_Cpo	5	0	5	302.45	20.954	2094	244.228
ERV1NA-CPo_I-int	5	1	5	37.81	27.989	54	220.87
MIRb	5	0	5	59.41	14.697	1914	133.505
B1F1A	3	2	5	75.61			
B1F1A	3	2	5	334.85	15.214	7	66.429
MTE-int	0	5	5	0	25.292	1745	176.786
rnd-6_family-3601	5	0	5	0	27.782	673	107.522
rnd-6_family-6315	1	4	5	18.9	19.929	383	522.971
rnd-6_family-659	0	5	5	0	26.016	1492	123.077
ERV1NA-CPo_LTR	2	3	4	102.62	6.911	229	479.782
LTR4B_Cpo	3	1	4	21.6	10.929	171	413.421
L1-1A_Cpo	1	3	4	8.1	22.286	7	70.714
L1-2_Cpo	3	1	4	24.3	16.939	18	132.5
LTR6G_Cpo	0	4	4	8.1	21.008	26	65.038
HAL1-4C_Cpo	4	0	4	10.8	18.409	11	115.636
L1MA6	0	4	4	16.2	13.2	3	56.333
ERV1A-CPo_I-int	0	4	4	10.8	26.861	18	212.833
ERV1NA-CPo_I-int	1	4	4	0	22.361	88	157.693
rnd-1_family-397	2	2	4	13.5	17.023	980	342.843
X6B_LINE	4	0	4	2.7	21.818	11	171.182
CAVID	4	0	4	29.7	16.377	854	207.32
ID-B1_Cpo	3	1	4	1906.5	17.712	65	54.292
MER58A	4	0	4	35.11	26.939	3887	131.147
rnd-5_family-2238	2	1	4	10.8	11.853	1058	290.715
rnd-6_family-1390	4	0	4	0	25.374	949	161.948
rnd-6_family-2051	0	4	4	0	20.355	1131	54.953
rnd-6_family-4258	0	4	4	0	22.655	366	292.503
rnd-6_family-5328	4	0	4	270.04	18.009	540	354.776
MER52-int	0	4	4	13.5	8.25	8	36.875
ERV1A-CPo_LTR	2	0	3	78.31	8.147	365	511.893
L1-3_Cpo	0	3	3	37.81	21.374	330	127.448
L1-2B_Cpo	3	0	3	21.6	15.315	13	88.077
L1-1A_Cpo	2	1	3	13.5	18.364	14	142.286
MLT1A0	3	0	3	0	13.3	5	49.4
rnd-1_family-403	3	0	3	13.5			
rnd-1_family-425	3	0	3	2.7	20.617	536	215.813
Charlie1a	3	0	3	0	25.058	2499	266.116
rnd-5_family-1751	1	2	3	0	25.541	4261	204.085
rnd-5_family-77	3	0	3	2.7	25.238	683	329.277
STRIDE_Cpo	1	2	3	13.5	18.656	475	206.52
rnd-6_family-3290	2	1	3	0	26.068	1210	185.569
rnd-6_family-4161	3	0	3	0	23.449	1936	109.175
CAVID2B1	2	1	3	153.92	22.31	3604	57.658
Charlie4a	3	0	3	0	24.453	1369	218.564
L1MB3	3	0	3	8.1	20.149	850	89.746
L1-4A_Cpo	2	0	2	0			
L1-1H_Cpo	0	1	2	29.7	16.736	1441	375.939
ERV1A-CPo_LTR	2	0	2	78.31	11.052	308	240.802
LTR2C_Cpo	0	2	2	37.81	18.889	36	87.333
STRIDE_Cpo	1	0	2	162.03	21.979	3685	79.362
rnd-1_family-325	2	0	2	0	20.7	2	101
L3	0	2	2	5.4	10.5	1	143
ERV1NA-CPo_I-int	0	2	2	16.2	32.5	1	159
L1MA5	2	0	2	2.7	24.876	2164	204.472
HAL1-4_Cpo	2	0	2	0	25.221	68	243.412
MER53	1	1	2	2.7	21.785	2531	121.548
MIRb	1	1	2	94.51	18.818	1392	355.409
ID-B1_Cpo	1	1	2	24.3	6.529	488	211.023
U6	2	0	2	734.52	14.385	1089	86.19
Tigger5a_Glire	0	2	2	8.1	23.937	1526	172.113
MLT1A0	2	0	2	0	27.203	3549	224.364
L1ME1	2	0	2	0	27.051	1129	223.434
rnd-6_family-1019	0	2	2	8.1	21.279	474	247.139
rnd-6_family-1343	0	2	2	164.73	23.232	446	307.863
L1MD2	0	2	2	0	24.25	7261	70.171
STRIDE_Cpo	0	2	2	5.4	23.176	1284	45.775
ERV2-3d_CPo-I	2	0	2	1136.88			
MER5B	1	1	2	0	24.581	977	115.286
rnd-6_family-1866	2	0	2	0	23.696	496	206.5
LTR12C_Cpo	2	0	2	0	12.633	6	71
STRIDE_Cpo	0	2	2	10.8	22.98	13993	93.304
MER2	2	0	2	0	25.424	370	106.895
rnd-6_family-3476	0	2	2	37.81	18.947	930	57.811
rnd-6_family-3981	1	1	2	0	24.06	159	308.371
L1MA9	2	0	2	0	24.333	879	196.779
LTR33	1	0	2	0	26.898	206	108.553
rnd-6_family-763	2	0	2	0	28.52	800	137.4
L1MB3	2	0	2	8.1	22.422	3386	119.638
LTR10_Cpo	0	1	1	81.01	7.889	177	385.305
L1-2B_Cpo	1	0	1	189.03	15.922	1458	112.775
L1-3_Cpo	0	1	1	0	25.567	6	61.833
L1-1_Cpo	0	1	1	0	22.45	2	83.5
HAL1-2C_Cpo	0	1	1	27	15.002	55	127.091
LTR2B_Cpo	1	0	1	143.12	17.36	5	71.6
ERV1A-CPo_LTR	0	1	1	8.1	10.45	4	256.5
MER121	1	1	1	569.79	24.654	28	298.679
ERV1NA-CPo_I-int	1	0	1	5.4			
Tigger14a	1	0	1	10.8	16.185	89	99.056
ERV1NA-CPo_LTR	1	0	1	0			
LTR6E_Cpo	1	0	1	178.23	10.321	47	47.34
L1MD1	0	1	1	0	24.698	2171	126.312
Charlie5	0	1	1	118.82	22.105	4082	181.73
LTR6C2_Cpo	0	1	1	32.41	19.133	670	335.782
LTR4C_Cpo	0	1	1	0			
L1MA5	0	1	1	2.7	21.602	2465	131.659
L2a	1	0	1	0	25.574	2379	120.696
rnd-5_family-590	0	1	1	5.4	23.706	1914	87.342
rnd-6_family-1362	1	0	1	0	21.398	330	279.782
rnd-6_family-1374	0	1	1	0	24.235	769	100.414
U5	0	1	1	5.4	10.199	273	41.432
L1-4_Cpo	0	1	1	0	29.446	257	389.556
rnd-6_family-3125	0	1	1	0	21.544	311	296.383
rnd-6_family-345	0	1	1	0	26.857	327	195.587
L1MC5	0	1	1	5.4	24.681	1008	134.116
rnd-6_family-5696	0	1	1	32.41	16.403	951	66.736
rnd-6_family-5908	0	1	1	5.4	16.056	290	98.193
Charlie10	1	0	1	8.1	20.14	969	175.703
rnd-6_family-8012	0	1	1	0	22.459	431	176.304
ERV2B1-CPo_LTR	0	0	0	24.3	11.775	234	308.761
L1-4_Cpo	0	0	0	0	16.918	11	68.091
L1-4_Cpo	0	0	0	8.1	15.344	9	59.889
HAL1-4_Cpo	0	0	0	0	18.7	1	67
LTR6I_Cpo	0	0	0	0	21.182	17	67.765
HAL1-1A_Cpo	0	0	0	8.1			
rnd-1_family-330	0	0	0	0	20.3	1	73
ERV1NA-CPo_LTR	0	0	0	24.3	10.783	24	95.125
MER52-int	0	0	0	16.2	8.555	208	128.692
LTR12_Cpo	0	0	0	10.8			
rnd-1_family-420	0	0	0	0	25.531	494	154.636
rnd-4_family-73	0	0	0	0	29.244	1768	503.257
MER45A	0	0	0	0	25.853	1722	104.697
ERV2A-CPo_I-int	0	0	0	21.6	15.35	2	93.5
rnd-6_family-830	0	0	0	2.7	18.495	531	208.58

