Name	sense	antisense	total	RNAseq	div	copies	length
ERVH_OC_I-int	46794	473606	520401	3.3	29.663	149	442.06
ERVH_OC_I	36193	471238	507431	13.18	16.592	268	1802.873
L1C_OC	147149	13107	160256	332.83	12.897	7717	157.452
L1M2	139676	1785	141461	227.38	22.351	12524	73.052
L1A2_OC	120193	338	120531	95.56	11.824	1500	174.308
L1A_Oc	11432	99193	110625	326.24	8.048	25553	615.003
L1A_Oc	3319	98982	102301	62.61	15.371	12196	922.696
ERV2-2_OC-I	1585	89918	91503	49.43	23.435	378	690.13
L1A_Oc	4049	82127	86175	398.73	5.25	11487	1367.507
L1A_Oc	65947	3864	69811	342.71	22.215	15288	142.955
L1A_Oc	13451	55364	68815	108.75	15.382	17221	1188.762
L1A_Oc	5923	61646	67569	56.02	6.432	3518	2250.472
L1A_Oc	3186	62366	65551	102.16	6.846	2678	2575.619
L1A_Oc	2694	58901	61595	23.07	26.395	6703	435.745
L1A_Oc	9786	50302	60088	148.29	12.614	21968	707.801
ERV2-1_OC-I	10744	49070	59813	6.59	11.03	761	1142.548
L1A_Oc	5322	52562	57884	207.61	6.398	2905	1357.59
L1MB8	52785	2728	55512	263.63	24.25	13749	116.264
L1A_Oc	949	52908	53857	88.97	22.181	4132	149.989
L1A_Oc	4357	47366	51722	92.27	12.067	3112	542.391
L1A_Oc	976	46357	47333	9.89	8.604	575	1039.732
L1A_Oc	9901	35059	44960	42.84	17.765	8089	1384.719
L1A_Oc	3850	39706	43556	29.66	16.029	802	582.824
LTR10B1_OC	42967	164	43131	0	6.765	100	287.55
ERV2-1_OC-I	30637	4052	34689	0	22.1	30	335.367
LTR10B1_OC	34178	182	34360	0	9.871	69	311.957
LTR40b	461	32351	32812	0	25.998	905	221.284
MER65-int	30836	1942	32778	0	23.243	562	452.201
L1A_Oc	3563	28185	31748	276.81	16.691	11246	364.16
L1A_Oc	28676	2510	31186	428.39	4.097	7095	1426.566
L1A_Oc	3727	27086	30813	243.85	19.864	38572	896.747
LINE1E_OC	2234	27884	30118	724.97	19.885	90501	171.491
ERVNOC_I	5758	21463	27220	4221.31	9.02	1367	1297.627
ERVH_OC_I-int	2034	21030	23064	6.59	7.755	382	286.471
L1A_Oc	6213	16830	23043	471.23	18.883	72739	372.27
L1A_Oc	372	21950	22322	9.89	25.144	25	169.04
LTR20B_OC	10127	11839	21966	5611.94	9.855	96	279.646
ERV2-1_OC-I	4907	16926	21834	92.27	8.98	557	352.803
L1M2	839	20177	21015	72.5	20.63	20734	239.14
ERVNOC_I-int	5824	15166	20990	3021.82	7.433	6274	1058.328
L1A2_OC	2884	17293	20177	46.13	9.911	5619	886.483
L1A_Oc	1341	17319	18660	280.1	21.143	42159	142.284
CSINE3A	440	18145	18584	1166.55	18.563	9364	128.368
LTR13_OC	3	18491	18494	0	9.294	119	365.563
ERVNOC_I-int	13750	4173	17923	11718.18	3.633	5266	500.009
LTR36_OC	16723	1083	17806	504.19	15.06	4886	389.544
L1M4b	46	17753	17799	3.3	26.35	412	322.663
L1A_Oc	3336	14311	17647	293.28	17.41	23804	266.861
L1MA6	15829	1029	16858	204.31	22.298	15192	163.791
L1A_Oc	10114	6601	16715	31104.59	21.739	33284	216.263
L1A_Oc	7094	8521	15615	108.75	20.837	4261	434.204
LTR10B_OC	14945	268	15213	9.89	7.328	115	321.791
L1A_Oc	2949	11734	14683	42.84	9.184	6843	622.724
ERV1-2_OC-I	1092	13382	14475	484.41	12.064	441	480.748
ERVNOC_I-int	10971	2954	13925	10189.15	10.868	269	412.703
L1M2	2033	11727	13761	632.7	23.658	29388	159.416
LTR21_OC	2059	11190	13249	59.32	9.77	228	410.728
ERVNOC2B_LTR	358	12102	12460	23.07	8.865	175	330.166
L1ME3B	576	11612	12189	141.7	19.256	18727	160.983
Charlie1	1543	10528	12071	537.14	22.099	385	642.158
LTR21_OC	750	11131	11881	388.85	12.636	184	400.228
L1A_Oc	4007	7346	11353	556.91	22.803	24899	87.748
L1A_Oc	382	10112	10494	112.04	21.873	4778	197.328
CSINE3A	7985	2299	10285	4359.72	15.861	146309	278.817
L1A_Oc	4391	5661	10052	507.48	20.512	17549	165.451
L1MCb	92	9844	9935	0	26.199	1723	386.378
L1C_OC	1897	7414	9311	19.77	20.218	268	329.646
L1MB3	93	9119	9212	13.18	23.938	1519	172.98
L1ME1	598	8511	9110	19.77	26.945	8297	269.509
L1M2c	3732	5133	8865	19.77	23.671	2879	581.317
LINE1E_OC_5end	421	8436	8857	23.07			
ERVNOC_I-int	1529	7295	8824	369.08	15.467	3	207.333
L1A_Oc	7253	1379	8632	428.39	6.72	12186	892.384
LTR3D_OC	7976	75	8052	3.3	14.08	144	392.66
L1A2_OC	1593	6282	7876	23.07	21.764	5800	646.159
LTR5D_OC	7034	828	7862	79.09	13.268	808	524.205
L1C_OC	4730	3088	7817	2359.45	17.411	83005	243.687
L1A_Oc	835	6895	7730	108.75	21.781	12721	114.685
ERVL-B4-int	444	7280	7724	0	29.111	2247	418.381
LTR8E_OC	7410	275	7684	19.77	20.747	538	421.407
L1M5	1332	6316	7648	158.18	21.508	456	738.787
ERV1-1_OC-I	3370	4163	7534	39.54	26.359	476	684.622
L1A_Oc	2360	4982	7342	289.99	19.909	25271	109.827
L1MC3	2918	4344	7262	9.89	17.416	248	1054.677
ERVNOC_I-int	2675	4522	7197	4455.28	9.684	43	154.837
L1A2_OC	124	7010	7134	158.18	15.102	204	407.373
MER52-int	3465	3534	6999	0	22.773	691	451.656
LTR15_OC	116	6702	6818	42.84	5.792	51	362.353
L1A_Oc	18	6370	6388	56.02	21.302	65	123.677
CSINE2B	348	5900	6248	13.18	18.257	675	275.784
LTR18_OC	6106	49	6155	158.18	7.623	253	362.233
RELIK-I	2096	3944	6039	26.36	15.421	165	1225.727
LTR10D_OC	5662	13	5675	9.89	6.176	122	383.082
LTR10_OC	5519	18	5537	184.54	3.584	149	342.04
LTR10D_OC	5517	16	5533	26.36	3.867	138	386.217
CSINE3A	5247	280	5527	1347.79	10.652	40145	281.616
L1MB1	2898	2412	5309	1687.21	21.437	28174	73.84
L1A_Oc	2755	2524	5279	2257.3	16.801	166079	306.722
LTR18_OC	5036	19	5055	13.18	13.157	259	352.486
CSINE3A	351	4671	5022	17221.38			
LINE1E_OC	2874	2119	4993	1433.47	19.315	91619	191.047
L2a	2596	1956	4552	0	22.606	254	300.272
MER83B-int	261	4281	4542	19.77	20.279	922	477.774
CSINE2B	1745	2741	4486	1911.29	18.726	25468	129.455
L1MB3	2089	2373	4463	771.11	21.832	25307	144.986
CSINE2	1883	2445	4328	4310.29	17.758	85631	259.576
CSINE3A	1267	2994	4260	1723.46	21.785	143192	229.16
MER83B-int	16	4091	4107	563.5	15.879	1397	184.956
ERVNOC2_LTR	283	3796	4079	108.75	9.15	247	343.599
L1M2	1791	2158	3949	253.74	8.985	483	273.219
CSINE1	2720	1225	3945	1235.75	19.609	156221	189.996
CSINE2B	3200	551	3752	14334.67	18.215	117	548.632
CSINE2	2503	1220	3723	2946.02	24.79	8840	100.925
LTR2A_OC	142	3576	3717	75.79	7.425	435	382.301
L1MB7	2149	1529	3678	1627.89	20.907	31897	218.82
LINE1E_OC	35	3642	3677	102.16	19.589	645	338.439
MLT1J	3572	43	3615	0	27.256	411	110.324
L2	1249	2313	3562	23.07	14.98	191	783.398
LTR2C_OC	118	3361	3479	316.35	8.537	688	315.307
L1C_OC	17	3436	3453	514.07	12.058	201	91.567
ERVL-B4-int	2974	287	3261	0	27.953	827	325.264
MLT1B	1859	1375	3235	0	22.589	168	1057.262
L1C_OC	3128	75	3203	0	23.506	119	694.193
L1C_OC	1460	1725	3185	243.85	12.27	2256	381.659
LTR2A_OC	178	2996	3174	388.85	9.16	326	315.113
L1M5	697	2341	3037	0	23.926	652	494.302
LINE1E_OC	201	2787	2988	362.49	15.732	101	488.376
L1MB8	179	2778	2957	1103.93	16.795	29123	116.871
CSINE2B	2315	637	2953	11006.39			
LTR8E_OC	2624	191	2815	118.63	16.038	752	392.916
L2d	1210	1515	2725	3341.46	10.047	124	1782.444
HERVL74-int	2620	72	2692	13.18	14.686	262	442.523
MIRb	2404	265	2669	4099.39	16.282	486	711.912
MLT1A	68	2600	2668	9.89	24.25	1762	172.835
CSINE2B	2341	308	2649	3601.79	22.903	6743	164.585
MamRTE1	745	1859	2604	65.91	13.123	600	208.813
LTR17_OC	2443	99	2542	6.59	20.889	208	219.236
L1C_OC	181	2338	2519	135.11	13.678	1098	155.245
LTR17_OC	2468	30	2498	32.95	20.77	1144	276.253
CSINE2	372	2058	2430	4267.45	18.557	10247	222.908
CSINE2	2049	343	2393	3674.29	18.418	2627	175.356
CSINE2	348	2031	2379	2550.58	20.569	9013	207.081
LTR33_OC	1183	1191	2374	570.09	20.277	4573	102.459
ERV2-1_OC-LTR	339	2013	2352	639.29	10.419	1271	234.928
LTR8_OC	337	1997	2334	26.36	13.176	174	355.943
LMER1	2229	89	2318	59.32	15.689	1335	229.853
CSINE2B	1724	587	2311	434.98	24.202	7263	69.93
LINE1E_OC	2243	68	2310	92.27	14.175	67	93.358
CSINE2	272	1986	2258	1351.08	21.338	1405	146.342
MER83B-int	2078	158	2236	59.32	11.955	1455	495.023
LTR2B_OC	213	2022	2235	135.11	6.494	410	358.776
LTR28B_OC	2156	16	2172	6.59	10.343	72	593.111
CSINE2	1487	660	2147	37359.12			
MER52-int	1188	956	2145	0	23.437	493	333.535
MIR	1597	492	2090	0	23.598	227	387.392
LTR20C_OC	2064	13	2077	26.36	10.214	530	427.502
CSINE3A	589	1458	2047	731.56	13.981	963	66.904
CSINE2	591	1441	2032	0	7.946	99	1376.131
L3	1948	34	1983	131.81	23.802	202	175.411
CSINE2	1725	257	1982	3153.63	18.384	4038	208.444
CSINE2	253	1714	1966	4316.88	18.934	3979	224.025
ERV1-2_OC-I	1103	855	1958	3.3	27.188	207	494.246
CSINE3A	464	1454	1918	757.93	18.4	896	112.638
CSINE2B	1565	338	1903	1687.21	19.821	591	108.97
CSINE2	1219	683	1902	827.13	21.862	10744	81.016
LLTR29_OC	8	1887	1894	3.3	10.656	62	324.306
LTR11_OC	447	1428	1875	1927.77	11.274	1540	390.977
ERVNOC_LTR	991	880	1872	19152.44	4.282	6996	497.332
L1MA5	991	871	1861	619.52	22.72	13096	94.306
LLTR29_OC	137	1719	1856	3.3	18.531	109	314.018
LTR12A_OC	1591	256	1848	0	12.69	104	417.904
ERV2-2_OC-I	565	1267	1831	1614.71	7.614	159	625.767
CSINE2B	1471	360	1830	1980.49	16.723	78	59.218
ERV2-1_OC-I	929	894	1823	0	12.729	38	484.868
CSINE2	1321	499	1820	6590.65	17.692	16734	126.796
L1A_Oc	1384	412	1796	378.96	18.759	2465	565.072
MLT1A0	503	1217	1720	306.47	24.564	11831	101.861
ERVH_OC_LTR	1066	641	1707	757.93	5.502	356	414.48
L1MC1	1266	429	1695	0	26.187	5365	380.994
ERV2-1_OC-LTR	89	1603	1692	161.47	8.571	14	194.857
LTR12A_OC	278	1397	1674	46.13	4.015	241	446.826
MER52-int	1570	40	1611	441.57	16.679	1215	229.904
rnd-4_family-42	1356	252	1608	0	25.747	12387	253.61
LTR15D_OC	184	1351	1534	56.02	12.825	143	283.063
ERVH_OC_LTR	542	980	1522	276.81	4.354	167	344.479
LTR1D_OC	80	1436	1516	692.02	10.14	1232	268.568
L1C_OC	804	707	1511	688.72	16.054	3840	113.667
ERVNOC_LTR	814	696	1510	5417.52	3.424	2919	458.009
L1M3	539	948	1487	0	8.95	164	1169.421
CSINE1	1073	393	1465	12344.3			
MER52-int	1261	192	1452	13.18	18.133	748	516.134
L1MA5	1418	0	1418	16.48	13.922	82	89.427
MamRTE1	1	1417	1418	0	12.512	34	61.824
L1M3c	1299	66	1365	69.2	25.384	325	302.305
L1MEc	116	1234	1350	0	25.253	1837	320.866
L1C_OC	498	829	1327	158.18	10.836	1350	271.679
L1C_OC	909	415	1324	230.67	15.94	17712	253.164
MLT-int	304	1012	1316	0	26.817	1161	375.752
ERVNOC_LTR	674	640	1314	3245.9	3.624	729	458.975
LTR7B_OC	1313	0	1313	9.89	6.564	117	347.034
LTR36_OC	55	1251	1306	0	23.036	1598	297.665
L1A2_OC	1058	248	1306	3.3	12.861	180	555.444
ERVNOC_LTR	548	741	1289	22701.51	4.617	3605	441.804
L1A_Oc	135	1134	1269	748.04	19.512	371	151.679
ERVNOC_LTR	613	654	1267	1634.48	3.915	270	441.674
MLT1B	770	494	1264	1555.39	21.786	12413	147.793
ERVNOC_LTR	623	641	1264	10538.46	4.74	1527	460.043
HERV16-int	400	828	1228	6.59	14.507	822	250.614
LTR20_OC	332	880	1212	833.72	5.576	302	601.97
CSINE2	384	814	1198	355.9	23.522	2517	62.68
MER52-int	157	1032	1189	13.18	20.674	283	322.855
ERV2-1_OC-I	187	997	1184	75.79	9.514	246	264.537
L1A2_OC	677	507	1184	187.83	13.072	57	339.526
ERVNOC_LTR	405	710	1115	441.57	5.6	1	248
CSINE2	693	413	1106	14894.88	20.534	1031	97.572
LTR2B_OC	1061	43	1104	303.17	9.097	92	188.293
Tigger6	518	550	1068	0	22.735	1135	458.219
MLT1B	602	438	1040	207.61	12.793	187	569.77
ERV1-1_OC-LTR	10	1026	1035	46.13	7.947	105	314.571
MER20	994	35	1029	59.32	24.528	8394	150.992
MER89	1000	27	1026	0	25.313	694	285.091
L1MA7	368	653	1021	0	12.828	666	1436.218
CSINE2	692	326	1019	18747.12	12.907	68329	264.655
LTR81C	371	649	1019	0	14.037	97	534.186
CSINE2B	451	549	1000	4122.45	23.817	102982	239.22
CSINE2	724	274	997	14206.16	14.105	3001	211.254
CSINE2	751	246	997	7305.74	13.724	77776	304.958
CSINE2	731	256	987	6969.62	14.401	4834	210.121
LTR33_OC	925	61	987	9.89	12.397	189	467.011
CSINE3A	260	726	986	11332.63	4.081	9950	325.776
CSINE2	239	743	982	17359.78	14.778	5100	174.476
CSINE2B	432	547	979	2323.21	22.888	29418	210.914
rnd-6_family-2911	978	0	978	0	17.884	411	65.949
CSINE2	231	745	977	13487.77	12.826	54132	296.48
CSINE2	724	251	974	7506.76	14.395	3662	213.567
CSINE3A	252	715	968	275937.52	4.965	32681	339.212
CSINE3A	252	715	967	3674.29	3.561	9136	335.502
CSINE2B	534	431	965	1070.98	23.343	63802	241.52
LTR23_OC	951	2	954	16.48	19.273	621	256.169
CSINE2	221	731	953	15013.51	14.561	5203	209.141
CSINE2	717	223	940	5256.05	13.576	2625	220.358
LTR9_OC	487	450	937	9.89	12.505	333	520.565
rnd-4_family-46	2	920	921	0	26.792	2555	196.371
L1MDa	900	9	909	0	25.097	592	175.179
CSINE2B	488	421	909	6.59	12.046	151	711.974
L1MA4	445	461	906	0	27.134	899	514.714
CSINE2B	548	358	906	19.77	23.68	6656	63.885
MLT-int	572	331	904	23.07	24.703	10595	298.755
L1MA6	205	696	901	0	26.175	3457	553.524
L1MA5	764	128	892	62.61	13.13	1759	71.144
MER52-int	429	453	883	0	24.935	745	464.435
CSINE2	675	200	875	7414.49	14.003	40	177.125
LTR33_OC	669	175	844	19.77	8.814	196	702.607
CSINE2B	170	664	834	5232.98	17.413	15	96.667
LTR8D_OC	734	99	833	164.77	9.772	697	436.689
Charlie8	514	311	825	23.07	18.327	143	515.72
CSINE1	659	148	806	13260.4	14.258	537	145.497
LTR33_OC	418	386	804	46.13	12.17	169	581.024
rnd-6_family-995	128	653	780	0	26.898	243	127.086
LTR16B2	770	9	779	0	28.609	917	241.105
L1C_OC	666	108	774	118.63	8.503	281	724.737
CSINE3A	600	168	768	5312.07	6.776	107	163.514
CSINE2	167	594	761	5124.23	16.574	91	116.451
L1M2	214	523	737	3.3	26.601	633	467.172
MER83A-int	562	174	736	0	19.966	276	383.42
MLT2B3	717	17	734	0	26.497	1931	288.622
rnd-6_family-2714	182	548	730	0	26.392	981	244.566
MER52-int	460	256	717	164.77	17.16	644	417.649
rnd-6_family-1169	643	70	713	0	25.343	199	158.141
MER90a	475	228	703	0	26.678	863	283.606
CSINE2B	448	242	690	19.77	11.536	165	768.327
LTR30_OC	628	61	689	16.48	21.573	1162	224.145
LLTR29B_OC	23	661	684	6.59	11.316	104	370.596
MER68	632	44	676	23.07	26.851	1194	310.837
LTR11_OC	573	101	674	56.02	5.669	80	100.625
CSINE2	118	545	663	2062.87	22.792	603	316.872
MSU1	433	225	658	0	17.03	33	1480.394
LLTR29B_OC	59	594	653	9.89	11.665	26	344.923
L1A_Oc	508	134	642	62.61	14.608	589	201.643
rnd-6_family-1193	52	587	639	0	20.626	202	248.173
rnd-5_family-51	491	142	633	0	27.574	1344	380.973
MER31-int	266	361	627	0	22.355	402	265.301
CSINE1	23	602	625	586.57	16.919	155	49.755
CSINE3A	364	250	614	7262.9	9.746	10826	284.064
MLT2B1	84	530	614	0	26.191	4394	258.699
LTR8A1_OC	464	140	604	19.77	11.817	114	321.439
L1A2_OC	208	388	596	807.36	15.35	326	394.092
LTR28_OC	66	528	594	32.95	6.87	167	682.353
MER33	575	0	575	9.89	22.371	4175	189.511
rnd-5_family-141	386	180	566	19827.98	26.442	692	946.403
LTR28_OC	38	527	565	75.79	8.746	206	560.262
L3	208	353	561	0	13.055	173	660.029
LTR20_OC	542	0	542	734.86	8.307	481	483.74
MLT1A1	138	403	541	3.3	24.774	3512	246.954
CSINE2B	296	244	540	1397.22	16.693	44	72.25
MER83A-int	471	67	538	3.3	23.599	789	213.673
LTR45	32	504	536	3.3	25.062	652	254.163
LTR1E_OC	449	84	533	3.3	13.091	22	258.318
RELIK-LTR	78	453	532	23.07	11.521	210	349.533
CSINE3A	172	358	530	11724.77	9.559	399	251.008
L1M2	11	517	528	0	27.517	805	455.675
CSINE2B	264	262	526	3147.04	14.879	43	54.465
SATII_OC	280	246	526	1344.49	11.924	943	3419.4
LINE1E_OC	426	99	525	16.48	23.745	4838	627.602
rnd-6_family-19678	454	66	520	0	20.598	122	260.352
Charlie1a	33	483	516	0	24.546	2822	323.268
CSINE2B	271	243	515	1894.81	17.384	184	67.717
L1MCa	238	274	512	0	26.173	1413	320.59
LTR32B_OC	305	206	511	32.95	13.871	331	228.302
L1A_Oc	474	37	511	1103.93	19.722	4754	340.284
MER52-int	273	234	507	0	23.962	323	579.313
rnd-6_family-4293	103	397	500	3.3	24.732	190	475.7
CSINE2B	266	233	499	3002.04	14.818	40	54.7
MER2	494	6	499	6.59	24.05	1268	167.084
CSINE2	239	256	495	299.87			
LTR9_OC	116	378	494	32.95	15.506	469	408.757
L1A_Oc	77	411	488	6.59	20.736	39	106.282
CSINE2B	232	251	483	1865.16			
LTR1A2_OC	442	29	472	32.95	13.834	485	272.536
7SK	466	5	471	612.93	14.162	372	188.401
rnd-6_family-8339	308	159	467	0	22.411	296	212.517
rnd-6_family-1772	8	454	462	0	25.179	156	316.962
L1M4b	395	66	461	0	27.34	610	245.361
MER31-int	384	70	454	266.92	13.133	565	396.188
CSINE3A	170	281	450	21495.42	9.046	54427	301.163
rnd-6_family-10277	423	16	439	0	27.658	132	764.932
CSINE2	226	212	438	1097.34			
L1MDa	231	205	436	0	25.879	2064	213.203
L1A_Oc	321	114	435	1127	20.589	35	70.286
LTR16A_OC	419	15	434	9.89	19.643	21	115.667
MER57-int	242	190	432	3.3	22.351	1282	229.46
CSINE3A	53	379	432	0	23.025	930	651.068
LTR40a	346	68	414	0	26.927	1700	230.045
LTR8F_OC	370	41	411	6.59	19.624	936	285.469
L1MD1	263	138	400	0	26.65	2948	362.548
MER34A	395	0	395	0	23.771	295	265.292
rnd-6_family-5208	10	378	388	3.3	20.767	554	270.662
LTR20C1_OC	88	298	386	19.77	13.065	374	296.061
LTR32B2_OC	380	1	381	6.59	19.057	643	285.869
L1A_Oc	1	372	374	52.73	16.7	1	59
LTR5D_OC	241	128	370	59.32	4.432	217	508.986
LTR71B_OC	8	362	370	16.48	16.268	107	254.121
L1MD3	352	18	370	0	24.995	3343	165.03
MLT1A1	78	292	369	26.36	24.391	8118	243.091
L1MB2	203	166	369	0	28.529	2415	292.408
LTR16B_OC	28	338	366	0	22.864	335	378.624
MER52-int	196	168	364	0	24.123	262	508.473
LTR32B1_OC	358	3	361	52.73	14.659	715	265.055
rnd-6_family-5297	340	20	360	0	24.15	199	285.503
MLT1A	313	44	357	72.5	25.012	5504	259.086
UCON78	133	221	354	0	20.466	314	974.197
MLT1A1-int	80	273	353	0	24.601	971	255.944
rnd-6_family-2345	315	37	352	0	28.461	518	274.295
LTR8F_OC	19	332	351	3.3	21.138	1881	259.055
CSINE2B	225	120	346	69.2	14.631	191	573.832
LTR35_OC	143	199	342	0	19.497	355	245.961
Tigger6a	97	239	336	0	24.588	476	381.279
CSINE2B	264	69	334	154.88	23.692	2293	88.864
L1MCa	141	192	333	0	25.32	1644	298.834
rnd-5_family-269	317	14	331	0	21.715	269	91.77
CSINE3A	70	257	327	141.7	15.451	271	469.72
L1MA4	0	325	325	115.34	15.1	1069	133.816
rnd-6_family-2778	228	92	320	0	25.007	505	289.149
MER65-int	72	245	318	1529.03	15.616	501	233.826
LTR20_OC	316	0	316	13.18	24.6	1	150
MER34	102	209	310	3.3	24.406	2689	211.826
rnd-6_family-2100	154	155	309	0	28.778	384	305.943
LTR22_OC	35	271	307	19.77	12.896	98	421.48
L1MA6	303	0	303	0	15.374	613	49.369
MER52-int	138	162	300	283.4	16.381	861	405.84
LTR71B_OC	40	260	300	0	16.764	181	287.26
LTR1C_OC	249	49	297	39.54	15.528	318	271.777
rnd-6_family-1257	250	43	293	0	23.594	567	282.697
MER70A	110	183	293	0	26.569	620	294.887
LTR8B1_OC	121	168	290	3934.62	6.659	307	449.932
rnd-6_family-1270	69	215	284	0	27.976	382	208.987
L1A_Oc	37	245	282	154.88	18.839	245	261.457
Charlie30a	125	155	281	978.71	17.693	7856	167.235
rnd-6_family-2394	222	55	277	0	26.658	1323	173.847
LTR8D_OC	2	273	275	13.18	15.918	28	67.571
L1MC3	193	80	273	6.59	25.831	7792	298.353
MER121	270	1	271	0	23.731	557	159.526
LTR1A2_OC	126	144	270	62.61	13.374	427	286.857
LTR8B_OC	246	20	266	7131.09	7.474	956	548.248
LTR16B_OC	23	244	266	0	21.545	314	211.697
rnd-6_family-2171	136	130	266	0	25.069	343	133.662
L1M2	52	212	264	9.89	24.656	1039	327.878
rnd-6_family-3665	51	210	262	0	26.515	698	258.84
CSINE1	184	75	259	0	20.667	761	292.331
LTR22B_OC	42	216	257	6.59	9.059	96	365.188
rnd-6_family-2243	231	20	251	0	26.024	440	223.611
L1A2_OC	223	26	250	95.56	16.699	280	75.764
L1MB7	160	89	249	6.59	23.729	2418	142.302
LTR27_OC	30	214	245	2458.31	9.871	1233	325.516
rnd-6_family-2849	6	239	245	0	24.299	216	138.935
CSINE3A	129	114	243	1367.56	16.529	17	80.882
CSINE3A	210	32	242	224.08	15.933	549	259.559
LTR22C_OC	30	213	242	56.02	8.047	116	384.224
rnd-5_family-811	133	108	241	0	27.184	1306	172.608
MER65-int	164	75	239	42.84	13.358	1305	364.608
rnd-5_family-425	196	43	239	0	24.849	981	131.492
L1A_Oc	20	215	235	131.81	18.029	42	59.619
rnd-6_family-2193	47	187	234	0			
L1MB8	118	112	230	734.86	17.278	14548	114.895
MER21B	115	116	230	0	25.955	3688	358.434
MER52-int	24	206	230	9.89	22.866	723	499.183
LTR32_OC	43	186	229	135.11	8.663	333	411.535
MER52-int	74	154	228	0	27.712	594	393.094
LTR10C_OC	97	130	227	39.54	8.83	126	221.246
L1M4a1	21	206	227	0	25.881	1518	231.125
L1C_OC	200	24	225	207.61	16.328	1848	131.463
CSINE2B	43	180	223	9.89	18.096	4598	77.317
L1A2_OC	218	3	222	3.3	20.492	894	562.624
L1A_Oc	201	7	208	95.56	6.113	39	75.487
L1MA6	1	203	203	0			
L1MDa	175	28	203	0	26.118	2912	277.147
LTR27_OC	103	92	195	346.01	17.8	835	377.018
LTR16A_OC	176	18	193	49.43	18.83	1472	362.374
rnd-6_family-3864	82	111	193	0	23.746	497	147.139
LTR3D_OC	85	106	191	9.89	13.092	149	358.047
L2a	153	35	188	0	28.1	2904	121.884
MLT1A1	137	52	188	0	22.425	544	185.792
L1M2	36	150	186	0	26.366	663	295.715
CSINE2B	155	30	185	596.45			
MLT1A1	184	0	184	685.43	17.456	9	46.667
L1MB5	98	86	184	0	26.709	2395	370.296
L1MC1	158	25	182	13.18	23.563	4515	238.907
MER34A1	80	100	180	0	23.67	955	163.764
LTR53	173	6	180	0	27.417	367	309.501
L1MC3	3	176	179	0	18.319	2575	144.237
SATI_OC	170	8	179	79.09	12.186	549	3056.776
L1C_OC	20	151	171	283.4	12.83	1783	113.559
MER5A	171	0	171	79.09	24.346	5187	124.357
LTR22C_OC	28	140	169	247.15	5.199	92	362.554
CSINE2	37	130	167	1321.43	16.705	274	63.339
rnd-1_family-172	166	0	166	0	19.6	1	50
L1MEf	34	131	165	0	24.902	1299	229.102
L2a	96	65	161	98.86	19.274	3536	106.975
L1MC4	3	157	160	9.89	16.7	1	53
CSINE3A	130	30	160	6.59	17.377	201	553.493
MLT1B	0	159	159	3.3	24.733	4934	235.304
L1MA5	124	35	159	0	25.457	2814	278.115
MER34C_	16	142	158	0	23.274	611	218.714
L1MB7	60	97	157	10264.94	24.543	352	274.784
L1A_Oc	35	120	155	115.34	12.163	510	195.829
MER34A	116	37	154	0	24.606	854	228.144
rnd-6_family-5298	147	4	151	13.18	19.763	582	244.256
MER53	75	75	150	108.75	21.619	2579	122.684
LTR19_OC	0	149	149	0	8.48	65	410
LTR8B_OC	139	8	147	164.77	11.793	15	209.733
MER5A	146	0	146	9.89	23.585	4847	127.187
MIR	21	124	145	98.86	20.298	480	319.352
rnd-6_family-3147	48	97	145	0	24.757	399	182.697
CSINE2B	126	19	145	3.3	15.228	152	406.586
OldhAT1	76	67	143	6.59	21.564	447	319.318
L1M2c	114	28	142	0	27.509	96	449.052
L1M5	139	1	140	0	21.315	203	416.946
CSINE3A	73	66	139	14298.42	18.339	180	489.283
CSINE2	15	123	138	19.77	19.324	405	396.301
LTR1B_OC	113	23	136	39.54	12.708	171	116.719
CSINE2	65	71	136	257.04	17.538	8	56
rnd-6_family-1726	67	69	136	0	27.222	437	191.094
LTR1C2_OC	33	103	135	26.36	16.485	741	280.271
L1MA6	52	83	135	6.59	23.701	1870	460.233
MIR	0	134	134	46.13	23.244	19709	103.67
MER2	0	133	133	6.59	23.088	9824	201.746
MLT1C2	34	97	132	3.3	26.64	2758	258.15
MLT1J2	81	51	132	0	25.526	1164	124.115
rnd-6_family-6103	56	76	132	0	19.88	112	256.241
ERVNOC_I-int	5	125	130	26.36			
CSINE3A	92	38	130	11276.61	14.644	178	457.635
L2-2_Mam	130	0	130	0	13.596	51	229.941
L1M2	2	127	129	19.77	17.162	32	52.562
LTR1A_OC	31	97	127	95.56	11.315	865	344.91
CSINE2B	98	29	127	0	19.03	492	259.878
L3b	109	16	125	1940.95	14.757	201	155.219
L3	120	4	124	701.9	9.802	1007	242.009
L1C_OC	32	92	124	3.3	29.181	663	642.446
L1A2_OC	112	12	124	3.3	13.254	112	116.125
LTR1B1_OC	28	95	123	16.48	13.766	125	294.856
LTR35_OC	7	115	122	56.02	17.216	245	210.302
MLT1B	119	1	120	283.4	18.185	168	78.72
MER31-int	37	82	120	263.63	11.566	324	578.543
L2-1_AMi	85	34	119	0	28.577	3433	150.226
CSINE2	69	49	118	1097.34	19.271	28	65
MER58A	113	5	118	29.66	26.236	7451	162.807
LTR73	49	68	118	9.89	19.86	368	338.59
LTR25_OC	106	10	116	13.18	5.25	68	409.235
rnd-6_family-1691	92	23	115	0	22.379	503	273.427
MER52-int	41	74	115	0	20.361	203	294.601
MER2	9	105	114	3.3	23.245	1150	214.213
CSINE1	88	26	113	112.04	13.939	614	165.127
SATI_OC	0	112	112	112.04	13.621	14	153.857
LTR35_OC	1	109	110	227.38	18.987	156	244.699
MER52-int	38	72	110	0	21.538	343	270.673
L1A_Oc	11	99	109	0			
L1M2	0	108	108	42.84	24.083	718	192.341
CSINE2	0	107	108	131.81	20.412	335	52.806
rnd-5_family-1650	10	99	108	0	24.526	2212	108.922
rnd-5_family-1247	43	64	107	3.3	20.519	1543	164.332
LTR8B2_OC	80	26	106	375.67	9.119	628	537.068
MIR	3	103	106	23.07	25.382	14695	134.999
LTR12C_OC	77	29	106	62.61	3.2	4	442.75
LTR16B_OC	24	82	105	0	20.497	602	221.018
LTR37_OC	20	84	104	385.55	4.748	133	492.256
L1M4c	45	59	104	3.3	24.628	607	318.712
MER57C2	36	67	103	0	25.454	963	231.067
rnd-5_family-398	63	40	102	0	24.574	659	196.61
rnd-6_family-4124	48	54	102	0	22.735	703	84.065
LTR10C_OC	18	82	100	9.89	6.038	122	272.566
LTR12C_OC	31	68	99	75.79	5.521	169	535.734
rnd-6_family-1085	4	94	98	0	28.222	438	165.884
CSINE2B	60	37	97	636			
L1MEf	4	92	96	65.91	11.928	1893	73.81
LTR8B_OC	19	77	95	85.68	10.169	13	140.769
rnd-5_family-2301	0	94	94	13.18	18.235	222	72.95
L1MC1	4	90	94	0	21.934	332	370.063
CSINE2B	75	18	93	184.54	19.107	90	55.022
LTR3C_OC	16	75	90	3.3	20.198	312	187.724
LTR7A2_OC	32	57	89	0	15.885	86	350.721
L1MA5	8	81	89	13.18	21.519	2361	151.096
LTR3A_OC	70	18	88	29.66	11.091	1170	343.627
LTR3B1_OC	1	85	86	0	17.053	317	302.044
LTR1C_OC	32	54	86	0	18.101	283	350.781
rnd-6_family-1099	21	64	85	0	27.647	801	506.769
rnd-6_family-2643	0	85	85	0	26.69	876	348.208
rnd-6_family-6259	85	0	85	0	23.921	799	142.526
L1A_Oc	48	36	84	15955.97	12.114	145	396.428
L1A_Oc	68	14	83	23.07	5.9	1	50
LTR8C_OC	70	12	82	36.25	9.101	466	442.403
L1M2	0	82	82	56.02	10.095	19	44.579
L1C_OC	9	73	82	0	7.62	5	25
LTR36_OC	12	70	82	168.06	15.042	288	329.267
MamRTE1	61	21	82	0	17.792	323	247.056
rnd-5_family-202	17	64	81	0	26.149	922	276.43
LTR14_OC	74	8	81	6.59	16.657	212	277.854
rnd-6_family-246	80	0	80	0	29.703	386	384.684
MLT1A0	48	31	79	0	25.629	7168	247.667
LTR32_OC	2	75	78	273.51	12.784	2255	277.318
LTR32_OC	20	58	78	2497.86	11.929	173	61.925
LTR16A	74	4	78	0	28.367	1784	216.936
L2a	76	1	77	0	24.194	2145	107.299
LTR71B_OC	77	0	77	0	20.261	270	261.311
LTR5C_OC	46	30	76	105.45	2.288	129	526.202
L1A_Oc	3	74	76	0			
CSINE2	32	44	76	1199.5	12.435	31	54.129
rnd-6_family-2222	76	1	76	0	23.655	628	270.256
LTR33	74	2	76	0	24.997	993	115.363
OldhAT1	0	76	76	141.7	13.623	504	335.607
LTR1B_OC	70	5	75	1097.34	15.308	504	62.393
CSINE2B	4	70	75	369.08	22.308	407	62.012
L2	16	59	75	0	26.897	1683	173.55
MER67C	70	4	74	0	23.049	1580	209.873
L1MCa	48	26	74	0	25.4	485	255.233
MIR	22	51	73	9.89	22.464	3652	77.921
LTR3B_OC	32	40	72	65.91	14.827	924	297.942
L1MC	0	72	72	187.83	14.844	1200	143.621
L1MB8	3	68	71	6.59	26.166	7784	311.252
CSINE1	0	71	71	46.13	15.866	575	119.099
Arthur1	61	10	71	0	27.06	379	135.646
LTR36_OC	34	36	70	102.16	21.11	1544	209.462
LMER1	28	42	70	0	12.716	1192	130.794
MER65D	56	13	70	0	23.891	850	245.981
MLT1G	17	54	70	0	25.832	510	120.427
L1MD	1	70	70	0	21.643	2901	148.336
RELIK-LTR	0	68	69	26.36	11.19	100	349.36
rnd-6_family-4018	52	17	69	0	25.408	246	131.85
L1MA6	41	26	67	128.52	15.916	2365	94.479
LTR20C_OC	57	10	67	29.66	13.08	66	287.258
LTR12B_OC	3	63	66	42.84	5.167	99	414.636
LTR14_OC	40	24	65	19.77	15.079	526	345.112
LTR5B_OC	43	21	64	39.54	9.624	120	553.158
CSINE2B	42	22	64	9.89	20.115	327	55.875
MER83B-int	49	14	63	6.59	17.3	2	153.5
L1MC5	50	13	63	3.3	24.657	3256	172.737
CSINE2B	48	14	62	685.43	17.361	83	59.639
LTR7B_OC	44	16	60	3.3	11.483	77	412.701
L3	58	2	59	10324.26	10.603	1170	148.043
LTR3A_OC	43	16	59	3.3	19.041	54	125.241
MLT1K	0	58	58	0	26.008	855	106.716
L1MD2	43	15	58	0	27.171	709	192.965
CSINE2	19	38	57	1571.87	16.222	117	47.65
SATII_OC	29	28	57	8007.65	10.678	23	181.217
MER46C	21	34	56	0	27.015	788	184.938
LTR37A	18	38	56	0	23.45	664	164.714
LTR1B_OC	46	8	54	576.68	13.109	1233	307.71
LTR32_OC	36	17	54	184.54	15.656	139	193.46
L1MCa	1	53	54	0	25.173	913	374.321
L1PB4	46	6	52	79.09	21.2	1	66
MLT1A0	24	28	52	388.85	24.668	8527	214.568
LTR14B_OC	36	14	50	0	18.735	190	284.7
LTR26_OC	33	16	49	148.29	1.965	89	279.404
MER34	32	17	49	0	23.344	876	152.063
L1M4b	48	1	49	0	23.812	377	259.528
LTR6_OC	37	11	48	2151.85	7.67	1183	295.746
L1A_Oc	11	37	48	9.89			
MLT2D	24	24	48	3.3	24.786	4078	224.021
5S	0	48	48	59.32	12.164	1012	61.253
MER57E1	0	48	48	0	22.764	304	210.76
LTR32B1_OC	18	30	48	32.95	15.624	177	245.814
MER65-int	4	43	47	1136.89	14.313	854	280.693
CSINE2B	19	28	47	16.48	23.105	943	265.513
rnd-6_family-7550	0	46	46	0	26.737	320	188.697
CSINE2	21	23	44	39.54			
L2d2	44	0	44	6.59	24.218	3242	247.126
rnd-6_family-3145	18	25	44	0	25.631	611	119.843
ERV1-2_OC-LTR	7	36	43	339.42	4.293	376	588.742
ERV2-2_OC-LTR	19	25	43	270.22	2.718	38	278.974
L2	10	32	43	0	27.501	1139	153.096
rnd-6_family-33	43	0	43	0	27.168	303	307.459
rnd-6_family-7794	43	0	43	0	23.177	406	177.308
L1A_Oc	22	20	42	0			
CSINE2B	8	34	42	451.46	14.8	6	48.833
rnd-6_family-677	22	19	42	0	25.241	1177	112.069
L1MA4	0	41	41	95.56	11.667	280	53.811
MER74B	21	20	41	0	26.98	1133	297.234
rnd-1_family-198	40	0	40	0	16.8	34	65.735
rnd-6_family-4744	32	8	40	0	23.003	1042	145.718
U5	39	0	39	29.66	7.304	284	40.165
LTR73	10	28	39	0	23.084	152	364.743
LTR5_OC	28	11	38	52.73	3.026	42	521.595
LTR12B_OC	35	3	38	52.73	4.717	82	400.293
HAL1	0	37	37	0	26.819	1326	204.192
LTR24_OC	20	16	36	0	22.974	284	255.817
L1C_OC	0	36	36	26.36	9.364	28	53.786
MLT1A	28	7	36	6.59	25.656	9145	230.875
MLT2F	20	16	36	3.3	28.588	661	245.523
MLT1A1	26	10	36	26.36	23.647	1686	199.233
L1MA8	35	1	36	0	7.966	186	292.038
CSINE1	4	32	36	13.18	17.185	277	210.04
LTR29_OC	13	20	34	112.04	9.346	436	387.502
LTR34_OC	6	28	34	9.89	13.516	134	243.597
LTR71_OC	12	22	34	9.89	16.91	216	256.037
rnd-5_family-1743	2	32	34	0	23.671	1063	142.181
MIRc	25	8	33	309.76	15.067	464	76.47
rnd-6_family-3258	12	21	33	0	20.994	485	89.101
LTR30_OC	1	32	33	0	18.342	142	104.648
LTR31_OC	14	18	32	0	23.477	336	356.946
rnd-6_family-1461	27	5	32	0	23.835	282	280.759
L1ME3A	0	31	31	39.54	16.513	2679	144.386
rnd-1_family-195	30	0	30	0	16.843	23	58.739
CSINE2B	23	8	30	9.89	20.951	51	66.784
rnd-4_family-130	0	30	30	3.3	29.285	310	605.616
MER63B	14	17	30	0	24.839	2810	138.958
LTR16A_OC	17	14	30	0	24.228	1792	351.359
L1MA9	0	30	30	0	20.369	726	171.322
MLT1H2	15	14	29	0	26.835	876	144.248
MER5B	29	0	29	0	25.015	4752	115.329
rnd-6_family-357	26	3	29	3.3	18.909	477	320.86
LTR4A_OC	11	16	28	105.45	4.799	149	382.671
rnd-4_family-271	9	19	28	0	26.924	1730	336.609
LTR8B_OC	7	20	27	46.13	15.66	5	131.8
L1A_Oc	0	27	27	0	17.402	51	53.843
L1MC4	14	13	27	0	27.174	4484	271.869
L1MD1	25	2	27	0	24.292	3578	182.281
LTR16B_OC	25	2	27	434.98	20.719	275	302.218
L2a	22	5	27	0	28.43	2446	168.016
MER31-int	5	21	26	52.73	17.05	511	259.031
L1MA4A	23	3	26	230.67	20.03	2595	109.327
L1M5	4	23	26	3.3	27	2	130.5
MER58B	16	10	26	9.89	25.432	4205	185.362
LTR23_OC	13	13	26	6.59	19.738	405	214.714
L1M2c	10	15	25	42.84	16.132	31	73.903
MLT1F2	24	1	25	0	25.591	4704	173.81
rnd-6_family-7292	25	0	25	0	23.862	199	262.608
LINE1E_OC	6	18	24	0	19.004	26	63.038
MIR	24	0	24	0	24.016	7933	96.382
L1MA10	0	24	24	0	25.557	1833	137.064
L1M2	10	14	24	0	21.063	452	335.883
LTR30_OC	0	23	23	0	24.224	1565	335.066
MLT1A1	21	2	23	16.48	19.983	257	94.946
L1MC5	17	6	23	0	25.965	1589	284.832
L2c	23	0	23	0	18.958	305	65.889
MIR	13	9	22	0	25.798	4339	109.415
LTR29_OC	20	1	22	36.25	9.3	24	353.042
LTR6_OC	9	12	21	484.41	9.209	57	185.947
LTR8B2_OC	6	16	21	23.07	14.8	3	120
rnd-6_family-4546	1	20	21	0	26.286	1783	198.231
MLT1F1	16	5	21	0	26.561	1635	249.525
rnd-6_family-147	18	2	20	26.36	23.172	1492	107.133
LTR7A_OC	2	17	19	0	8.14	96	422.375
rnd-3_family-151	4	15	19	3.3	25.387	8848	221.708
L1MA9	6	13	19	0	23.358	5439	157.956
MER67C	13	6	19	0	22.056	398	203.008
LTR34_OC	5	14	19	3.3	15.757	304	325.066
rnd-6_family-1217	0	19	19	0	25.788	482	241.786
LTR31_OC	3	15	18	0	21.718	529	347.609
LTR36_OC	0	18	18	82.38	14.581	16	73.688
Tigger5a_Glire	18	0	18	0	18.734	1212	113.001
rnd-6_family-439	11	8	18	0	25.498	265	153.174
Kanga1b	18	0	18	0	23.819	191	123.555
L1A2_OC	17	1	18	52.73	9.691	541	138.377
rnd-6_family-7712	18	0	18	0	22.166	493	99.024
CSINE3A	4	14	18	210.9	16.081	293	200.57
MLT1F1	7	10	17	0	26.222	1121	215.186
MER46C	7	9	16	566.8	17.856	3159	75.887
rnd-5_family-157	9	7	16	3.3	26.727	1353	142.397
L1MA9	3	14	16	0	22.743	709	306.779
rnd-6_family-6534	10	6	16	0	25.271	207	337.874
L2b	13	2	15	247.15	24.199	17155	92.102
rnd-5_family-820	14	1	15	0	20.967	462	80.892
L1M5	3	11	15	0	21.781	362	223.564
CSINE2	0	14	14	52.73	10.949	1527	59.595
rnd-3_family-115	14	0	14	0	23.066	5113	122.439
rnd-4_family-177	0	14	14	0	25.086	1858	158.929
L2c	0	13	13	0	27.339	3667	110.23
MER5A1	0	13	13	0	24.706	1027	117.703
L1C_OC	4	8	12	56.02	13.434	303	51.307
rnd-6_family-4507	12	0	12	0	25.773	184	169.62
MLT1C2	12	0	12	3.3	25.779	5534	258.704
Tigger5b_Glire	10	1	11	3.3	26.201	5298	206.642
LTR30_OC	4	8	11	0	22.937	638	268.313
LTR36_OC	8	1	10	444.87	15.353	631	135.39
LTR1B_OC	0	10	10	141.7			
rnd-5_family-138	8	2	10	2069.47	17.288	740	50.753
LTR16C	10	0	10	0	27.635	1138	210.134
LTR16A_OC	0	10	10	0	18.384	515	108.93
rnd-6_family-2386	1	9	10	0	25.065	393	167.036
LINE1E_OC	0	9	9	9.89	15.286	7	55.286
rnd-5_family-665	9	0	9	0	25.597	10874	120.382
rnd-6_family-3541	9	0	9	32.95	18.911	1439	83.498
MER106B	0	9	9	0	21.764	297	119.879
rnd-6_family-85	2	7	9	395.44	13.761	1232	80.946
LTR8C_OC	8	0	8	23.07	17.647	17	69.294
LTR36_OC	8	0	8	82.38	16.15	8	79.25
LTR6_OC	8	0	8	553.61	8.4	1	77
LTR27_OC	0	8	8	69.2	12.042	121	83.19
rnd-6_family-1780	8	0	8	3.3	22.656	1158	357.897
rnd-6_family-543	6	2	8	0	26.946	373	134.971
L1MEg	0	6	7	3.3	18.4	2	56.5
L1M3c	0	7	7	32.95			
L1MA5	0	7	7	0	16.04	10	46.1
LTR30_OC	4	3	7	0	22.86	1390	251.147
L1A_Oc	2	4	6	0	16.163	16	83.375
L1C_OC	0	6	6	26.36	12	54	45.389
LTR8C_OC	6	0	6	13.18			
MER31-int	5	1	6	39.54	21.338	21	116.095
rnd-5_family-1530	3	3	6	19.77	22.456	630	245.216
MER31B	2	3	6	0	23.696	1432	258.223
LTR73	4	2	6	16.48	22.885	206	348.335
ERVNOC_I-int	4	0	5	0			
rnd-5_family-198	3	3	5	0			
LTR4A_OC	5	0	5	23.07	8.79	128	353.531
rnd-6_family-709	1	4	5	0	24.548	267	78.989
rnd-6_family-989	5	0	5	0	27.98	572	155.904
LTR13_OC	3	2	4	26.36	7.527	206	399.345
MLT1C2	4	0	4	39.54	17.682	65	60.431
LTR20_OC	4	0	4	3.3			
Charlie1a	0	4	4	0	22.383	668	128.015
rnd-6_family-2989	1	3	4	13.18			
LTR24_OC	4	0	4	0	24.073	423	285.307
L1MC5	4	0	4	0	25.301	539	212.707
MLT1A	0	4	4	0	17.56	320	288.866
rnd-6_family-727	3	1	4	16.48	25.478	903	205.855
L1MB7	3	0	3	39.54	22.638	1342	95.786
LTR20C_OC	0	3	3	6.59	19.929	7	115.286
rnd-4_family-614	0	3	3	0	22.759	2364	117.005
L1ME2z	3	0	3	0	26.011	1819	139.893
rnd-1_family-156	2	0	2	0	16.7	1	47
MER83B-int	2	0	2	85.68	15.179	337	134.496
rnd-1_family-181	0	2	2	0	14.8	1	53
LTR5B_OC	0	2	2	3.3	8.8	1	113
MER46C	0	2	2	75.79	20.391	1122	148.221
MLT1J1	0	1	2	0	25.376	1621	122.089
MER2	2	0	2	39.54	24.08	9109	249.637
Charlie4a	0	2	2	0	24.619	1305	224.914
L1M4c	0	2	2	0	22.146	197	305.99
L1M4c	2	0	2	0	18.04	182	160.264
L1MA5	0	1	1	6.59	14.99	51	58.353
MER46C	0	1	1	0	16.995	20	58.15
CSINE2B	1	0	1	19.77	12.814	7	46.429
U2	1	0	1	2880.12	6.841	2635	34.293
MER46C	0	1	1	108.75	20.367	5183	204.822
Tigger9b	1	0	1	0	26.14	292	219.829
L1MEf	0	1	1	0	24.658	801	162.591
Charlie1	0	1	1	0	22.39	1006	167.628
rnd-6_family-55	1	0	1	0	16.816	428	49.801
rnd-6_family-8344	0	1	1	0	24.639	872	117.772
rnd-6_family-867	1	0	1	0	22.753	750	140.669
OldhAT1	0	0	0	553.61	15.677	336	80.211
LTR1B_OC	0	0	0	59.32	11.735	17	86.353
L1MA5	0	0	0	23.07	19.191	988	89.201
rnd-6_family-1028	0	0	0	1387.33			
rnd-6_family-1427	0	0	0	0	20.763	228	70.311
rnd-6_family-15	0	0	0	0			
ORSL	0	0	0	0	23.297	280	163.604
MLT2C1	0	0	0	0	24.247	1086	181.284
MLT1I	0	0	0	0	24.899	1250	122.698

